FileName,Label,Dataset,SNR_999,output
AS_20190823_7YCEIY.wav,0,AS,8.82425737510619,0.2593809360287407
AS_20190823_9H34N3.wav,0,AS,9.32432808471386,0.29439681250234045
AS_20190823_JO5LSG.wav,0,AS,10.2381287981327,0.4934088180926898
AS_20190823_KMRF7F.wav,0,AS,9.44481452100069,0.4013792044906948
AS_20190824_84PDTA.wav,0,AS,8.07008701125795,0.30831630260211057
AS_20190824_9BHV4O.wav,0,AS,8.92927490027422,0.2964609585403985
AS_20190824_NMWJ26.wav,0,AS,8.02365065806013,0.4102863223453246
AS_20190824_NOBH6R.wav,0,AS,9.41356125653729,0.2740922521442267
AS_20190824_RRWHWU.wav,0,AS,8.2442611078607,0.4545513186405289
AS_20190824_SJ2LHQ.wav,0,AS,11.8448636283398,0.1945959168977244
AS_20190825_8KDIAR.wav,0,AS,11.2847497765927,0.29393522143897444
AS_20190825_A9KF1P.wav,0,AS,8.15804063245464,0.39701741352608005
AS_20190825_GDGUUJ.wav,0,AS,8.25228702139953,0.4473986463991873
AS_20190825_W0PBAU.wav,0,AS,8.02607139929625,0.39614571154682926
AS_20190826_3RUIOA.wav,0,AS,10.2909740977083,0.49442714061139476
AS_20190827_02TYX2.wav,0,AS,9.02965945542818,0.4837653610339752
AS_20190827_0RRIVT.wav,0,AS,11.4441143839244,0.24515865779163443
AS_20190827_1TEAMO.wav,0,AS,9.63643532503323,0.3821826879391474
AS_20190827_4FJKLS.wav,0,AS,10.0182317682762,0.34826040042608947
AS_20190827_5LX5O4.wav,0,AS,10.386940459671,0.4133615576587277
AS_20190827_8BTK4H.wav,0,AS,9.36209910876313,0.4943403586245093
AS_20190827_9XSPRR.wav,0,AS,9.99389041038934,0.2530875955258115
AS_20190827_ASS47E.wav,0,AS,11.0295458555701,0.39410076712394565
AS_20190827_C2OP6W.wav,0,AS,9.27957697296263,0.41467975745910884
AS_20190827_E1V5N2.wav,0,AS,9.72178310115836,0.1877422951262909
AS_20190827_I37KSD.wav,0,AS,9.58255062171413,0.25984692584595764
AS_20190827_K33PJS.wav,0,AS,10.018133457439,0.3382007904754967
AS_20190827_KC263G.wav,0,AS,10.6561519489558,0.2708601018888169
AS_20190827_LINCTQ.wav,0,AS,9.71294771206543,0.4529791603363469
AS_20190827_OZITJI.wav,0,AS,10.652173830183,0.24437582770134986
AS_20190827_PBVEGT.wav,0,AS,8.35999755111859,0.6511258011491617
AS_20190827_QY038V.wav,0,AS,10.7488045168312,0.4070223110857638
AS_20190827_SYZSA3.wav,0,AS,10.280328827997,0.30159228942096583
AS_20190827_U33B9J.wav,0,AS,10.3315518783625,0.24493212117672664
AS_20190827_UR7ZMS.wav,0,AS,10.06531049175,0.3466200808722165
AS_20190827_WPNF8W.wav,0,AS,11.4333329505949,0.21987087493086907
AS_20190827_ZFVSGF.wav,0,AS,10.3294550454818,0.38312648211222666
AS_20190827_ZJ63R2.wav,0,AS,9.0605033171112,0.2018008176702792
AS_20190828_GSG8Y6.wav,0,AS,10.4227144681318,0.15804134839262135
AS_20190828_KGRUI2.wav,0,AS,11.795151047528,0.6043869172206001
AS_20190828_N4Q5JU.wav,0,AS,10.3526171950608,0.35537010279176107
AS_20190828_NP97BX.wav,0,AS,10.8843853934274,0.19156717996207936
AS_20190828_P36QSF.wav,0,AS,11.0711368757567,0.32179750030418347
AS_20190828_QT4FDN.wav,0,AS,11.8376694463851,0.45912491256593296
AS_20190828_RSPRQH.wav,0,AS,11.3635838945238,0.6244887048644331
AS_20190828_SSLRX0.wav,0,AS,11.7470594270114,0.38398754781850714
AS_20190828_UBPD9J.wav,0,AS,10.1150041877569,0.4554276031752518
AS_20190828_UY0IPQ.wav,0,AS,10.2027485295815,0.43131891776468245
AS_20190828_WL8Y5A.wav,0,AS,10.6765129867441,0.33434886476020487
AS_20190828_WQTWZF.wav,0,AS,9.80537782964736,0.4574005447134837
AS_20190828_YSXUZ7.wav,0,AS,10.3800821162706,0.20361406961028716
AS_20190901_9A7JU6.wav,0,AS,9.97865136147748,0.29252298164517954
AS_20190901_BNFCX3.wav,0,AS,8.96747546892053,0.31373117568683373
AS_20190901_JTX6XC.wav,0,AS,9.86277085679125,0.3310911838479894
AS_20190901_QEA8FL.wav,0,AS,9.00807967579045,0.3779860883941361
AS_20190901_Y63A1N.wav,0,AS,11.3566197719135,0.4611195604176807
AS_20190902_10C88N.wav,0,AS,9.88208055050016,0.44084686752099683
AS_20190902_B0WFBH.wav,0,AS,9.50600626472426,0.406068903226994
AS_20190902_B9SYUK.wav,1,AS,30.7666258470187,0.9341355254658388
AS_20190902_BABYDP.wav,0,AS,8.40297136866418,0.5653581749643722
AS_20190902_JPY5J8.wav,0,AS,9.12164072882254,0.40971664838465494
AS_20190903_4NSUUC.wav,0,AS,9.82830085303275,0.45298655830412954
AS_20190903_9EIDEX.wav,0,AS,14.2020611943996,0.2765279699565512
AS_20190903_FIYRCH.wav,0,AS,10.2261847578016,0.464462676970089
AS_20190903_UYWDJL.wav,0,AS,9.76198105532441,0.4522258758107819
AS_20190903_WG1L85.wav,0,AS,9.90392350192413,0.31956605009801037
AS_20190903_YQZBRM.wav,0,AS,10.2934449221761,0.38694937807773905
AS_20190904_1RJ79M.wav,0,AS,12.613718835241,0.35044986825691177
AS_20190904_JRQ5G8.wav,0,AS,11.1698288809428,0.41493120392134925
AS_20190904_QNHMNG.wav,0,AS,12.0242088211491,0.3282176632200068
AS_20190904_W0DKG3.wav,0,AS,9.17727564355166,0.3191774103832937
AS_20190917_1OBQF1.wav,1,AS,8.27128317245607,0.48642073987187023
AS_20190917_C81ZEH.wav,1,AS,8.98423250886451,0.3012098166937566
AS_20190917_HCTAR6.wav,1,AS,8.29082340552131,0.2643560204964551
AS_20190917_J38XNG.wav,1,AS,8.14725180003612,0.577795357483017
AS_20190917_K70F28.wav,1,AS,8.07036200475763,0.3012601266133888
AS_20190917_QX93F7.wav,0,AS,8.98966507873653,0.5519800978138063
AS_20190917_VKF7TO.wav,0,AS,8.13325716418427,0.40773565808869666
AS_20190917_XE2RCT.wav,1,AS,8.15982455651558,0.4665849873509768
AS_20190917_Y37LXN.wav,0,AS,8.79747773528978,0.3327166718686234
AS_20190917_Z63LY2.wav,1,AS,8.57523285297079,0.5695361463727339
AS_20190919_0GZLXR.wav,1,AS,12.3854059188941,0.22307941466925846
AS_20190919_45KWE8.wav,1,AS,12.5200753021223,0.2684718755360371
AS_20190919_5BZSAB.wav,0,AS,30.2592150604231,0.605351623671763
AS_20190919_5ILYFK.wav,1,AS,13.0732372285887,0.5515114636314352
AS_20190919_5UOWD5.wav,0,AS,12.0055131078475,0.3509452322770461
AS_20190919_5ZZQ0F.wav,1,AS,10.6996840094961,0.38094533405456665
AS_20190919_A1UFV6.wav,1,AS,16.1250418062808,0.7999155475089854
AS_20190919_BORC9O.wav,1,AS,9.89596161627529,0.41283699709857685
AS_20190919_ENUKD4.wav,0,AS,13.1402358998059,0.9869007480958528
AS_20190919_EZ67IQ.wav,1,AS,12.0565002646625,0.26068357319852165
AS_20190919_GTOJV0.wav,1,AS,10.9418243931289,0.3243145462563892
AS_20190919_HFZ59E.wav,0,AS,11.9064315310315,0.24441110894105292
AS_20190919_I3HP8P.wav,1,AS,11.6797170090724,0.6282885685835654
AS_20190919_ICL15S.wav,0,AS,11.7383883842806,0.4612768556519314
AS_20190919_L8QCTM.wav,1,AS,12.4446035250816,0.561381410040148
AS_20190919_LD6DUM.wav,0,AS,13.6024300300103,0.27067521339686257
AS_20190919_LXBAWD.wav,1,AS,9.88000923498581,0.5230224170999818
AS_20190919_M32O7S.wav,1,AS,10.3952786238738,0.3960300054260618
AS_20190919_PCGMY3.wav,1,AS,11.2826771548786,0.44863209400327103
AS_20190919_TH6RGH.wav,1,AS,9.62223186598295,0.6423104546644096
AS_20190919_W3UOGK.wav,1,AS,13.5898215656714,0.3363379071130293
AS_20190919_W4DAE3.wav,1,AS,10.693598151056,0.2566142710455537
AS_20190919_Z4FV67.wav,0,AS,11.8114337970564,0.2772127681362353
AS_20190920_29B8WY.wav,0,AS,12.3461577952462,0.13570583734460348
AS_20190920_2LW7B8.wav,0,AS,11.0472776293443,0.3419033965939257
AS_20190920_I442SL.wav,0,AS,10.9783270069026,0.5349390074486565
AS_20190920_MBVUTM.wav,0,AS,11.7624255626118,0.5297576905533222
AS_20190920_PVZ9C8.wav,0,AS,11.7548026925343,0.31415115564485446
AS_20190920_QE92CY.wav,0,AS,13.2693731279333,0.5196207540678975
AS_20190920_RNC2VM.wav,0,AS,10.8524877180566,0.3360755502197079
AS_20190920_TWSA36.wav,0,AS,11.5232502304894,0.4057387311002597
AS_20190920_W7O2Y4.wav,0,AS,11.5800046666132,0.3248393336916653
AS_20190920_ZJKRCL.wav,0,AS,13.041591259807,0.4112595599058069
AS_20190922_FUX2TI.wav,0,AS,8.95160468164125,0.3137571695346616
AS_20190922_RWW0E2.wav,0,AS,9.44188656922129,0.6297461207393776
AS_20190922_UHHSAH.wav,0,AS,9.15482429538914,0.2731308984519422
AS_20190923_OQKPAE.wav,0,AS,9.11423005336851,0.5336764885540604
AS_20190928_JN0034.wav,1,AS,8.2272014655301,0.13546512112424317
AS_20190928_PBY94W.wav,1,AS,8.69994832316383,0.6047861618883873
AS_20190928_Q1IOD6.wav,1,AS,8.38450353850579,0.4828502369595338
AS_20190930_HDAOH2.wav,0,AS,11.7549161336672,0.4084432438499177
AS_20191001_DZYTB6.wav,0,AS,13.1992359429693,0.19829604478611462
AS_20191001_K4OYCU.wav,0,AS,10.6195732909231,0.3507561011748995
AS_20191001_PCTZ1S.wav,0,AS,10.9247020570875,0.33675647433994604
AS_20191001_PGLDD9.wav,0,AS,9.32040090527789,0.5147786209553765
AS_20191001_S1YG44.wav,0,AS,10.8594577931571,0.36518092410774466
AS_20191001_Y3NIYM.wav,0,AS,10.9467490026953,0.30732773357612636
AS_20191004_7PMDOT.wav,0,AS,12.1751921525095,0.2764916782004132
AS_20191004_7R24X1.wav,0,AS,11.4984340427792,0.2873878755269411
AS_20191004_85FMK3.wav,0,AS,11.4773385097535,0.3300895148605773
AS_20191004_8U6F49.wav,0,AS,9.86836125821675,0.2913415923346001
AS_20191004_DU617F.wav,0,AS,13.8237282129517,0.3521066326376156
AS_20191004_G8BNKG.wav,0,AS,10.5895202379958,0.3477506682707587
AS_20191004_HYRT72.wav,0,AS,11.151964940879,0.4079831370828298
AS_20191004_LAANCC.wav,0,AS,13.2117452413954,0.38644456036441527
AS_20191004_MD4IVD.wav,0,AS,10.7898530723895,0.34643691492574363
AS_20191004_NT4LG5.wav,0,AS,11.3882681459847,0.278791308641944
AS_20191004_V3LRBK.wav,0,AS,9.50675424710761,0.23628859999747112
AS_20191004_V8PEJD.wav,0,AS,10.7372656419957,0.2765829605479009
AS_20191004_XN347D.wav,0,AS,11.7376053368602,0.28160263810370456
AS_20191005_FN7W4K.wav,0,AS,13.1588613688103,0.5534720130531118
AS_20191005_J3ZADR.wav,0,AS,13.139599734674,0.30602511325889226
AS_20191013_01FV4V.wav,1,AS,9.21589167873118,0.5714394690055039
AS_20191013_8F1LS3.wav,1,AS,9.30202102152419,0.6272022543831991
AS_20191013_8QCJ9H.wav,0,AS,9.00318756187112,0.09665547285591329
AS_20191013_FHIVQG.wav,1,AS,9.09560054028465,0.44314031512039603
AS_20191013_N4I129.wav,1,AS,9.26678772266306,0.4295058345404212
AS_20191013_UILJR1.wav,1,AS,8.87750209995695,0.36889975040540085
AS_20191014_02GI1T.wav,1,AS,12.6008629024716,0.51849537488108
AS_20191014_57317H.wav,1,AS,9.35224898424167,0.4930988515875448
AS_20191014_6BXBMP.wav,1,AS,10.9466840839559,0.4841508609794678
AS_20191014_7QX8GF.wav,1,AS,10.4355884149679,0.28808418158023835
AS_20191014_A0C6JG.wav,1,AS,11.8141835359735,0.5272258375751562
AS_20191014_G2DAD8.wav,0,AS,11.4480003589806,0.3309997464679265
AS_20191014_GQOJ7N.wav,1,AS,12.2938895403078,0.5045290625663086
AS_20191014_JQRV6V.wav,1,AS,10.570445272602,0.4315900745559985
AS_20191014_KL6YIM.wav,0,AS,11.4056575966777,0.3459418522004974
AS_20191014_LBETB5.wav,0,AS,11.6738825312518,0.3391694931575002
AS_20191014_MLYUQV.wav,1,AS,11.0717782010693,0.4491283521148248
AS_20191014_P29N8D.wav,1,AS,12.4589826645656,0.26333666359443325
AS_20191014_PWHGQX.wav,0,AS,13.1649297041558,0.3915575227706151
AS_20191014_V4BXKP.wav,1,AS,13.1856436672956,0.4946764030452844
AS_20191024_M5W2MQ.wav,0,AS,9.37323826603143,0.518102940648455
AS_20191024_UVFR4D.wav,0,AS,9.74938530315305,0.3745564739559213
AS_20191024_W16E21.wav,0,AS,8.26134573717707,0.18886261921493352
AS_20191024_WVIXVM.wav,0,AS,17.1770947359937,0.6330806078059009
AS_20191025_AAWUGL.wav,0,AS,11.2523434548612,0.4836683421245144
AS_20191025_BQVX8O.wav,1,AS,13.7032807000646,0.6333324038814876
AS_20191025_P7UP6Q.wav,1,AS,14.6134778366607,0.4585164778094953
AS_20191025_RZUA5S.wav,1,AS,12.7703271821875,0.4276358040408074
AS_20191025_Y39RY5.wav,1,AS,14.004913504328,0.4319730289787785
AS_20191027_27MUK0.wav,0,AS,9.11096710893619,0.3619976881237882
AS_20191027_EX7FW4.wav,0,AS,11.4390826614526,0.3728474978541664
AS_20191027_Y4WFI5.wav,0,AS,9.03515796287287,0.3046582754214706
AS_20191028_7CP8O3.wav,0,AS,10.5137589226767,0.3633715770679601
AS_20191028_8KYTXO.wav,0,AS,9.71193999460136,0.2646290699986393
AS_20191028_C4CH30.wav,1,AS,11.0318574013344,0.6217338998152423
AS_20191028_C5WGLX.wav,0,AS,8.30223372518488,0.17974427360202452
AS_20191028_XGEBGM.wav,1,AS,8.89902483770956,0.3545897370782583
AS_20191029_7PMYZS.wav,0,AS,11.1636302895393,0.4344438045002882
AS_20191029_CKJFUV.wav,0,AS,11.1308289915879,0.29553544973474855
AS_20191029_CX335G.wav,0,AS,11.2005836726994,0.2875131891165202
AS_20191029_GLM7VV.wav,0,AS,8.57001049865346,0.29803340179990795
AS_20191029_MZF2L5.wav,0,AS,9.50404131100557,0.22633329214202375
AS_20191029_TTJ6LM.wav,0,AS,11.2361711845298,0.5196092326821369
AS_20191029_VSSRGV.wav,0,AS,11.3053044726222,0.4276126605822715
AS_20191029_WAACZG.wav,0,AS,10.2573983479586,0.49395036672075565
AS_20191030_WLM1OK.wav,0,AS,8.82448218593724,0.5170186902383999
AS_20191031_9MUWNI.wav,0,AS,9.32178403044384,0.42021039806264837
AS_20191031_DTWBWF.wav,0,AS,8.81672672879225,0.23574789090042098
AS_20191031_HQVFPL.wav,0,AS,9.75958298382108,0.36580323499783257
AS_20191031_JI9U4P.wav,0,AS,9.08258231619819,0.3006861378526671
AS_20191031_KDI7M1.wav,0,AS,8.94472212531555,0.3818061629363096
AS_20191031_S2S04K.wav,0,AS,8.14405945199213,0.22818699203440998
AS_20191031_Y0LQFY.wav,0,AS,8.27453945340986,0.5318244149559009
AS_20191104_4NATL7.wav,0,AS,8.42192616748019,0.2802026831617705
AS_20191104_CNAALY.wav,0,AS,8.72693378059672,0.39614852139959983
AS_20191104_DP1SGB.wav,0,AS,8.87708743781241,0.29047835903042857
AS_20191104_LMRUVA.wav,0,AS,9.1399704850416,0.2858136370067654
AS_20191104_S7JIQJ.wav,0,AS,8.66113913964915,0.38258954769139386
AS_20191104_WC7IPK.wav,0,AS,9.42417608327704,0.32091157973360857
AS_20191105_JEWEPO.wav,0,AS,10.6160333383527,0.315714928687187
AS_20191105_S595KV.wav,0,AS,11.9735872887469,0.27900439002915917
AS_20191106_ASFQYE.wav,0,AS,13.8214339285828,0.32706927680795544
AS_20191106_LJ5EFR.wav,1,AS,13.4455535705522,0.999942425229556
AS_20191203_HE1J3U.wav,0,AS,9.21261284188381,0.5229685502251099
AS_20191207_AXQSSQ.wav,0,AS,9.55586084267706,0.3539391592600664
AS_20191207_IKF5SU.wav,0,AS,9.47034930136103,0.3911508947607323
AS_20191207_IZ781P.wav,0,AS,10.3157349544761,0.46175063214220746
AS_20191207_N987S1.wav,0,AS,9.66173816726268,0.2070721825450024
AS_20191207_OII47L.wav,0,AS,9.90692134930461,0.48139790720151787
AS_20191207_VPI0WT.wav,0,AS,8.76578579492731,0.4409398962193238
AS_20191208_0VL7LC.wav,0,AS,8.17212893901945,0.44756686702132953
AS_20191208_BC4ICM.wav,0,AS,8.30352215853128,0.23493410516531255
AS_20191208_G7BWKA.wav,0,AS,8.21367871704309,0.40758065910898666
AS_20191210_IDJTJS.wav,0,AS,8.64886729372072,0.4091422783420114
AS_20191210_N03J75.wav,0,AS,8.31263183728585,0.3088156443493715
AS_20191211_9QGPRD.wav,0,AS,8.23792569200014,0.21364472250541855
AS_20191211_C5XLMN.wav,0,AS,8.32469374461509,0.2927888926758982
AS_20191211_ETLPFU.wav,0,AS,8.31138559477889,0.336883274537418
AS_20191211_T6I1A7.wav,0,AS,8.42041018385402,0.28247441219258035
AS_20191213_SOAO6Z.wav,0,AS,8.74278966616954,0.347910680342902
AS_20191215_A0Y1CW.wav,0,AS,9.69831647317941,0.23514438670702845
AS_20191217_18PHQV.wav,0,AS,10.0637921300098,0.2614860358019841
AS_20191217_QSVPF9.wav,0,AS,11.3778206117805,0.5709055826385533
AS_20191218_1L8X3U.wav,0,AS,9.76044278757412,0.3168172922069923
AS_20191218_7IBHJ4.wav,0,AS,10.8115289416394,0.2901573298381519
AS_20191218_89EU29.wav,0,AS,8.22255129059228,0.3826182135366513
AS_20191218_AOZNGH.wav,0,AS,11.211897518729,0.3025079152519236
AS_20191218_FQNHM5.wav,0,AS,8.35579123160937,0.37902243201842145
AS_20191218_NHFWFV.wav,0,AS,9.43842574900844,0.2760833043700032
AS_20191219_8L55OI.wav,0,AS,9.93744240354884,0.2218551672570937
AS_20191219_LO3XOC.wav,0,AS,10.4414641869563,0.2958133381222071
AS_20191219_T6VH18.wav,0,AS,8.52338643854288,0.2740252125929667
AS_20191220_1WHEB7.wav,0,AS,8.94022195509349,0.4507144928006169
AS_20191220_CSCS57.wav,1,AS,8.06806039716431,0.543217284503994
AS_20191220_G6ZM3B.wav,0,AS,10.1942781942233,0.4077588194474371
AS_20191220_QWZP71.wav,0,AS,9.92865941168201,0.30952312918578095
AS_20191220_SSAHJN.wav,1,AS,8.13046709207368,0.5149810471112738
AS_20191220_THTX43.wav,1,AS,8.30775159674399,0.28418049697666736
AS_20191220_XGX4A1.wav,1,AS,12.0137761984867,0.43564195194771377
AS_20200913_17W01N.wav,1,AS,9.70054157900605,0.8196122017941367
AS_20200913_1WW05U.wav,1,AS,10.7129501036226,0.32647592462288383
AS_20200913_84R2EE.wav,1,AS,11.1107645096274,0.4542061989112056
AS_20200913_MLYLWT.wav,1,AS,10.7069196671667,0.6163919870490238
AS_20200913_S69E6V.wav,1,AS,11.32600738117,0.3365260434945389
AS_20210314_EIU9H8.wav,1,AS,8.79242240448246,0.48507538907687836
AS_20210321_09E411.wav,1,AS,9.53379078660488,0.45303210976784525
AS_20210321_6Z38EK.wav,0,AS,14.3011298031536,0.3665132806351292
AS_20210321_8697UY.wav,1,AS,8.08414695129383,0.4738512828169868
AS_20210321_8S21PH.wav,1,AS,8.09782325120874,0.2862634295724843
AS_20210321_8WBL1E.wav,1,AS,8.67222130623549,0.35687276635593174
AS_20210321_A011V7.wav,1,AS,14.8322260518495,0.34204338842731236
AS_20210321_DL8QW8.wav,1,AS,14.4342265933921,0.6818597265361639
AS_20210321_E2L6KI.wav,1,AS,9.16266998567158,0.544578323760762
AS_20210321_EBYUFU.wav,1,AS,10.4900910359622,0.3072371453084141
AS_20210321_ED2W43.wav,1,AS,10.5211211891641,0.2411288503598686
AS_20210321_EUGL9P.wav,1,AS,8.8623403936255,0.6603974384619765
AS_20210321_EVOZQA.wav,1,AS,14.4747432574876,0.29829681874447184
AS_20210321_F8FX0T.wav,1,AS,9.00046447939098,0.4285595304587792
AS_20210321_H6JQBP.wav,1,AS,12.4236169861726,0.5924058124077527
AS_20210321_HQODHN.wav,1,AS,10.7719299745854,0.5878899965362053
AS_20210321_I6XRR4.wav,1,AS,8.746234350609,0.6624247538571604
AS_20210321_LSB6B6.wav,1,AS,10.4075829365844,0.5624911332803986
AS_20210321_LXQ4EH.wav,1,AS,8.32475266025468,0.6371568740103525
AS_20210321_MYR0AC.wav,1,AS,8.14926092356008,0.3898362876355709
AS_20210321_OGA8CW.wav,1,AS,8.41823547852159,0.46633017251079395
AS_20210321_PFITN7.wav,1,AS,12.3539103424299,0.3135088760400141
AS_20210321_R00A5J.wav,1,AS,14.1575724949977,0.3456107752042333
AS_20210321_SJQF2H.wav,1,AS,9.01495352974229,0.5787542877461378
AS_20210321_U0EBH6.wav,1,AS,8.85166495494453,0.4435177093537665
AS_20210321_U33WR0.wav,1,AS,10.0924975212545,0.44871173444880486
AS_20210321_WXA4VN.wav,1,AS,13.5866464760092,0.49994966545889613
AS_20210321_YIV30T.wav,1,AS,12.6611325591653,0.47096641646792187
AS_20210324_3J7MUG.wav,1,AS,11.9536420566193,0.5296591193937475
AS_20210324_3YVPU7.wav,1,AS,10.373566699527,0.5797151895756942
AS_20210324_6OD9QC.wav,1,AS,8.84724795797385,0.5728208224168361
AS_20210324_7EBS5U.wav,1,AS,8.74738238356028,0.5352016755363794
AS_20210324_7V51HJ.wav,1,AS,12.6963668626078,0.6957507143234892
AS_20210324_8EFOAH.wav,1,AS,12.5794998929532,0.5574925268577651
AS_20210324_8IBQ8N.wav,1,AS,9.80549740630146,0.4490649113737946
AS_20210324_BO7AIZ.wav,1,AS,11.9133785698335,0.5939233345005284
AS_20210324_CIHOF8.wav,1,AS,9.59855516171201,0.47244128266014807
AS_20210324_EAU03A.wav,1,AS,11.1217296920737,0.38293856412663485
AS_20210324_H0H3H7.wav,1,AS,8.57268516927068,0.2699035852389267
AS_20210324_H779DI.wav,1,AS,8.96800437611973,0.3490299157594477
AS_20210324_KYF15E.wav,1,AS,9.27170180696675,0.43331646060142615
AS_20210324_N7HKPL.wav,1,AS,8.66640970115858,0.6531303767150347
AS_20210324_NFBPYD.wav,1,AS,12.9727621511079,0.42957603696513885
AS_20210324_NFNSTP.wav,1,AS,12.3718419871322,0.39717916680370746
AS_20210324_O4XW97.wav,1,AS,8.5626442449184,0.529612776450374
AS_20210324_QY2AFZ.wav,1,AS,9.10171066069753,0.4037731956357145
AS_20210324_RPY79S.wav,1,AS,12.3720944409814,0.40721809122709546
AS_20210324_U0XG7F.wav,1,AS,18.7663026534174,0.3565038155092039
AS_20210324_UOE16C.wav,1,AS,8.35003344555737,0.5003072361375941
AS_20210324_UXGB5K.wav,0,AS,14.9388313550336,0.5540472528315752
AS_20210324_V84HID.wav,1,AS,11.1953167109187,0.44283495147864266
AS_20210324_VKXDWU.wav,1,AS,12.5732307988994,0.7379681485228116
AS_20210324_XJJX0N.wav,1,AS,8.50759115798269,0.5297853202904097
AS_20210324_ZCIQLT.wav,1,AS,9.1961352779139,0.439401563262393
AS_20210324_ZHKF3W.wav,1,AS,10.929910722547,0.4071584105323293
AS_20210329_852NLP.wav,1,AS,8.85541353373039,0.4290766512112552
AS_20210329_9OXV36.wav,1,AS,8.40407650726313,0.5652326302577015
AS_20210820_5IT30W.wav,1,AS,11.3314661657889,0.7287445216470194
AS_20210820_9WOYN1.wav,1,AS,11.7563381944881,0.5586808362287913
AS_20210820_GIETQO.wav,1,AS,9.99545324948126,0.38646386324693316
AS_20210820_JLF6ZT.wav,1,AS,9.44228275480525,0.39421659100520257
AS_20210820_M4VCUM.wav,1,AS,9.94724703543105,0.4158161359308458
AS_20210820_OQTZ5A.wav,1,AS,9.75661076081984,0.2132747067729681
AS_20210820_QZAQVF.wav,1,AS,9.46366219005253,0.46920258064736
AS_20210820_T4GRZH.wav,1,AS,9.36725378764901,0.5520228044156161
AS_20210820_U4F6EP.wav,1,AS,9.82530141713737,0.40714142291402217
AS_20210820_VDRU58.wav,1,AS,12.9976778494223,0.45000281893293276
AS_20210820_XDIYXI.wav,1,AS,8.87231273546676,0.7072542887929537
AS_20210820_ZWB7VW.wav,1,AS,10.8534544806747,0.48188298636729887
AS_20210821_X750V4.wav,1,AS,8.09791545573117,0.345303724369954
AS_20210823_4QC300.wav,1,AS,8.13511614150379,0.7000026108893926
AS_20210823_L5ON50.wav,1,AS,8.32385202467006,0.5285082507162987
AS_20210823_Y2RIYI.wav,1,AS,10.4913403519287,0.5509804646064915
AS_20210824_IKFUNE.wav,0,AS,11.6613559656278,0.48122047029549636
AS_20210824_LFHH19.wav,1,AS,11.2467830803476,0.5327097173240932
AS_20210825_SO5NHV.wav,1,AS,8.05115306717514,0.5336449025584737
AS_20210826_1VPRUB.wav,1,AS,8.05404367032839,0.5536762227489777
AS_20210826_8N54OD.wav,1,AS,8.02011393201228,0.587177379999774
AS_20210826_A8T06Y.wav,1,AS,8.01948858468945,0.5705967883556171
AS_20210826_BSC2JR.wav,1,AS,8.2531096369705,0.49739523001982555
AS_20210826_ET2ZBV.wav,1,AS,8.24973947045884,0.4803147695581681
AS_20210826_SPTZRA.wav,1,AS,8.30464298373654,0.6424941517109602
AS_20210826_V62MED.wav,1,AS,8.03920355660628,0.5700867951011108
AS_20210826_ZUCG5R.wav,1,AS,8.0931197218549,0.49909703015646756
AS_20210830_02D66E.wav,1,AS,8.42462706647126,0.4003404283536896
AS_20210830_0EE8MM.wav,1,AS,8.677994626639,0.6326170200702781
AS_20210830_48SYBV.wav,1,AS,8.63538028863876,0.33487092675515073
AS_20210830_4MJJGA.wav,1,AS,9.07395482125862,0.6458996810875153
AS_20210830_4VDPO3.wav,1,AS,8.62171867671415,0.7176528324078721
AS_20210830_61LO6R.wav,1,AS,8.91397893701748,0.6027687158500095
AS_20210830_6N5RJL.wav,1,AS,8.84838524905966,0.29224149527992765
AS_20210830_8CO5WC.wav,1,AS,8.27457281854129,0.5153325356754261
AS_20210830_E22RH5.wav,1,AS,8.97096539276582,0.6999203788847004
AS_20210830_G1MG46.wav,1,AS,8.69684020983501,0.41363069513307577
AS_20210830_KLPYM6.wav,1,AS,8.26114039249681,0.5855996362503774
AS_20210830_KWCRSY.wav,1,AS,8.95331451978455,0.20104824461987794
AS_20210830_RI4WNS.wav,1,AS,8.5728884730938,0.6530978907683499
AS_20210830_TSRU4H.wav,1,AS,8.9918241073812,0.7035516416196042
AS_20210830_W4J2SE.wav,1,AS,8.61959734561055,0.6964220221593793
AS_20210830_WPVGTB.wav,1,AS,8.5454466837262,0.7210587133191176
BAL_1_20150701_VWS707.wav,1,BAL_1,8.04440976762036,0.9254585481785256
BAL_1_20150711_KJC13S.wav,1,BAL_1,8.00638662668212,0.7708948454794398
BAL_1_20150717_LZ1Z0R.wav,1,BAL_1,17.3640760270309,0.9878297786869809
BAL_1_20150721_6T9UP0.wav,1,BAL_1,8.91194319184328,0.7600052429266694
BAL_1_20150722_PK3A7F.wav,1,BAL_1,10.782310787736,0.7548060612382133
BAL_1_20150827_RAFS7B.wav,0,BAL_1,9.2297437771224,0.2652675146833651
BAL_1_20160121_36IZZ4.wav,0,BAL_1,41.7367729780234,0.6960189730841155
BAL_1_20160227_KSDF3M.wav,0,BAL_1,8.39227546143463,0.09362129865290424
BAL_1_20160307_57CGOA.wav,0,BAL_1,11.4181744236112,0.6373288593792528
BAL_1_20160528_W90DFJ.wav,1,BAL_1,14.9371613155754,0.9674803474624688
BAL_1_20160531_TYNLIQ.wav,1,BAL_1,22.0783897992837,0.9991502835533651
BAL_1_20160602_MWNH2D.wav,1,BAL_1,15.3225319448277,0.8431089696258315
BAL_1_20160603_XXEZU2.wav,1,BAL_1,8.35176812082018,0.9376791500894827
BAL_1_20160604_GC1BKF.wav,0,BAL_1,9.40374262663181,0.7063183367722844
BAL_1_20160612_PQHHB7.wav,1,BAL_1,9.72272655752977,0.7288869205960605
BAL_1_20160615_VUN6W7.wav,1,BAL_1,8.24233543963768,0.9783657814411736
BAL_1_20160623_16W1HC.wav,1,BAL_1,9.45519454330292,0.9883377997853905
BAL_1_20160623_M8CA3K.wav,0,BAL_1,8.29095605793226,0.6157631568864259
BAL_1_20160625_R17PSO.wav,0,BAL_1,10.5813819736958,0.5806393043568823
BAL_1_20160627_YW3PD9.wav,0,BAL_1,12.9569224364404,0.9089415561077102
BAL_1_20160701_FJMWNC.wav,1,BAL_1,8.80335403686753,0.9854720369557741
BAL_1_20160704_DRR67D.wav,0,BAL_1,8.2333824628343,0.4143170976453533
BAL_1_20160706_JISBU9.wav,1,BAL_1,8.52352736751156,0.8973478715043894
BAL_1_20160707_APVYI0.wav,0,BAL_1,11.511072127953,0.6120251292451033
BAL_1_20160707_IH9OHY.wav,0,BAL_1,25.610140653023,0.7055130470887824
BAL_1_20160708_CYP1RL.wav,0,BAL_1,8.52651562270033,0.6706684731537799
BAL_1_20160710_LM9D6D.wav,0,BAL_1,8.22810656112035,0.5084396121879593
BAL_1_20160711_EL8MP9.wav,1,BAL_1,8.60575249453847,0.8467521860110392
BAL_1_20160718_O0USTI.wav,1,BAL_1,15.8737013239787,0.9999861719135179
BAL_1_20160721_HRHHS4.wav,1,BAL_1,8.57824365136552,0.9048669519619972
BAL_1_20160723_LKN2GF.wav,0,BAL_1,15.7759891299273,0.79544765832296
BAL_1_20160723_SUERVB.wav,0,BAL_1,8.88873217350775,0.6172056862152787
BAL_1_20160724_ENWML1.wav,0,BAL_1,8.40806380735393,0.3699730325573562
BAL_1_20160806_UUIP0X.wav,0,BAL_1,8.14077171132775,0.3824005482839057
BAL_1_20160807_P3GMCH.wav,0,BAL_1,13.8574063625835,0.35241107844599145
BAL_1_20160808_KDPED3.wav,0,BAL_1,11.8122967820131,0.5320083655508919
BAL_1_20160816_MMD10I.wav,1,BAL_1,11.8983869214781,0.9763945676484109
BAL_2_20150712_OMNZLU.wav,1,BAL_2,8.59208730460249,0.9650139903097338
BAL_2_20150713_TLFUWL.wav,1,BAL_2,15.0789963674615,0.9990546112636168
BAL_2_20150715_7SCW6O.wav,1,BAL_2,9.64981865661297,0.988394162158553
BAL_2_20150721_VFE7BP.wav,1,BAL_2,25.271507893211,0.9999890328655274
BAL_2_20150725_TJX54L.wav,1,BAL_2,25.0584470773452,0.9999954700677164
BAL_2_20150802_GI93T0.wav,1,BAL_2,11.2796449873058,0.9999668609159512
BAL_2_20150808_GOWWO1.wav,1,BAL_2,15.0874778237576,0.9967632496012725
BAL_2_20150809_MJWE4Y.wav,1,BAL_2,14.8313823973247,0.9981642153848129
BAL_2_20150813_MT0NGI.wav,1,BAL_2,18.9221366279021,0.9998678143663282
BAL_2_20151022_Q2N4DC.wav,1,BAL_2,15.5812925366693,0.9997466252567434
BAL_2_20151030_3NL9VN.wav,0,BAL_2,11.0376322538023,0.4184930726099741
BAL_2_20151108_4RUDL6.wav,1,BAL_2,10.1436934147253,0.9927050697947151
BAL_2_20151111_YO3LQH.wav,1,BAL_2,15.7314925592922,0.9984094210145966
BAL_2_20151113_63HM3M.wav,1,BAL_2,11.2951375659333,0.9997715280017702
BAL_2_20151115_1FTAX4.wav,1,BAL_2,17.1443139617889,0.9894544867326623
BAL_2_20151119_XP5MB1.wav,1,BAL_2,15.7221085175733,0.915602182266803
BAL_2_20151130_S2IDCG.wav,0,BAL_2,12.0429628338295,0.512095030736325
BAL_2_20151205_ZII4RQ.wav,1,BAL_2,10.1413043108028,0.9995505446727383
BAL_2_20151206_YTQTGX.wav,1,BAL_2,10.8249149388151,0.9996228448983105
BAL_2_20151218_ON7MMG.wav,0,BAL_2,10.1691522805292,0.5436862918740375
BAL_2_20151227_FLJG2K.wav,0,BAL_2,16.3560174808698,0.9989911968424576
BAL_2_20151227_RI7S6S.wav,1,BAL_2,9.16487592748915,0.9064338099321543
BAL_2_20151231_L6YRI3.wav,1,BAL_2,9.16158433216324,0.9836244488509054
BAL_2_20160205_UFS96O.wav,0,BAL_2,8.46148822691874,0.47572088395149414
BAL_2_20160214_I5QZZ2.wav,0,BAL_2,8.31666233752456,0.5515057109485839
BAL_2_20160216_CJTOXH.wav,1,BAL_2,16.010439605691,0.9975703525283488
BAL_2_20160216_KK5HEH.wav,1,BAL_2,8.99353788487903,0.7570712103925074
BAL_2_20160218_FYHZBG.wav,1,BAL_2,8.965786787011,0.939009024491406
BAL_2_20160219_8CHPQU.wav,1,BAL_2,12.9484982083771,0.9695521655203283
BAL_2_20160219_AVAMQ7.wav,1,BAL_2,10.8033525995885,0.9662352432221846
BAL_2_20160222_ZGB4W6.wav,1,BAL_2,8.25611329591624,0.8839350314647566
BAL_2_20160304_WJD36O.wav,1,BAL_2,8.91835390132054,0.4756872842565609
BAL_2_20160313_BKSJBF.wav,1,BAL_2,13.0549981014713,0.9958335437830989
BAL_2_20160314_X83F1K.wav,1,BAL_2,19.7935723101515,0.9998112081348752
BAL_2_20160314_XGGLLH.wav,1,BAL_2,19.9961472739671,0.9986232426508717
BAL_2_20160316_6HOW5U.wav,1,BAL_2,14.8455400242821,0.9941058346512031
BAL_2_20160316_7MDI1W.wav,1,BAL_2,34.9469490232876,0.9997921422140411
BAL_2_20160320_IR2OQR.wav,1,BAL_2,8.9752632797728,0.6330189714277008
BAL_2_20160411_WPG0TM.wav,1,BAL_2,14.1599343671252,0.8791741931653301
BAL_2_20160417_AOS3ND.wav,1,BAL_2,9.64048217732216,0.9934539586886307
BAL_2_20160417_AUPR28.wav,1,BAL_2,9.5066998356919,0.9969209166370899
BAL_2_20160425_X3JDSZ.wav,1,BAL_2,15.0083274219369,0.999943378794853
BAL_2_20160426_D2XJF6.wav,1,BAL_2,10.2887954972817,0.9909753122473421
BAL_2_20160525_HZWP2B.wav,1,BAL_2,10.6747915926027,0.9514071238673051
BAL_2_20160527_5SOJNC.wav,1,BAL_2,10.8479106803022,0.9637190898780547
BAL_2_20160602_F8Q15O.wav,1,BAL_2,8.35645383196379,0.9601446381579376
BAL_2_20160617_X6KKWL.wav,1,BAL_2,11.4283415148609,0.9903622591499456
BAL_2_20160620_G68CCJ.wav,1,BAL_2,12.6879072336388,0.9787590375628534
BAL_2_20160622_78KQVI.wav,1,BAL_2,16.6378936225943,0.7161383853910644
BAL_2_20160622_TM1AH0.wav,1,BAL_2,14.32886828233,0.9714396820195181
BAL_2_20160624_9RGHFB.wav,1,BAL_2,10.5318967159468,0.9877228864450237
BAL_2_20160625_CXKQOJ.wav,1,BAL_2,8.51478613751563,0.9090555248631584
BAL_2_20160725_1XLWYC.wav,1,BAL_2,12.0722615973807,0.9259504171761397
BAL_2_20160831_IHE00N.wav,1,BAL_2,16.3666167214212,0.9663357538777747
BAL_2_20160907_M1CWLA.wav,1,BAL_2,14.0226083959417,0.9863253105825112
BAL_2_20160910_70BPOD.wav,1,BAL_2,13.9397777584648,0.9999692449491794
BAL_2_20160921_PFX2O7.wav,1,BAL_2,12.4377563982675,0.9795599983825232
BAL_2_20160930_1NP58D.wav,1,BAL_2,8.88363758923673,0.9350871571615532
BAL_2_20161001_7MFMAH.wav,1,BAL_2,18.4651804666121,0.9999804500586101
BAL_2_20161001_BRL4M7.wav,1,BAL_2,12.5521985648695,0.9999886752461923
BAL_2_20161001_G2LE2E.wav,1,BAL_2,16.3966948274521,0.9992391895303306
BAL_2_20161001_T0FKV3.wav,1,BAL_2,29.2062544583857,0.9987515320562806
BAL_2_20161001_V7AEF1.wav,1,BAL_2,12.1299449261061,0.9990356931703256
BAL_2_20161002_4OAR9M.wav,1,BAL_2,15.4786604352023,0.7138086061868293
BAL_2_20161002_O5DKJP.wav,1,BAL_2,11.1941053543559,0.6817870218624393
BAL_2_20161214_N17SHV.wav,1,BAL_2,10.9044840842793,0.8966458603663204
BAL_2_20161226_R37WF3.wav,1,BAL_2,8.25593291310547,0.6395601685530898
BAL_3_20180226_CW63JY.wav,0,BAL_3,9.4415015829498,0.5201922502414755
BAL_3_20180306_FIN03H.wav,1,BAL_3,8.12472270253844,0.9093760928738281
BAL_3_20180307_RHSAP3.wav,1,BAL_3,15.6870073432769,0.9999953508594287
BAL_3_20180308_LE5V2S.wav,1,BAL_3,8.99878225836007,0.942206641102055
BAL_3_20180308_R3WED6.wav,1,BAL_3,19.2888096286537,1.0
BAL_3_20180308_WLMCSE.wav,1,BAL_3,10.9661364118221,0.9999768739326302
BAL_3_20180310_OVLZTC.wav,1,BAL_3,9.18088104294968,0.9996185566208589
BAL_3_20180318_L9OQBH.wav,1,BAL_3,17.0886629898784,0.9998433835264354
BAL_3_20180322_DZWS55.wav,0,BAL_3,13.5447636585701,0.365831101024025
BAL_3_20180323_QWMGR5.wav,1,BAL_3,8.78807217690871,0.9093703812465322
BAL_3_20180324_KCRD6Y.wav,1,BAL_3,9.96319201661486,0.8827480287733204
BAL_3_20180326_PR8EZQ.wav,0,BAL_3,11.8229316984356,0.7084738900848285
BAL_3_20180329_NXHNPQ.wav,0,BAL_3,17.0742716630529,0.5791979439869209
BAL_3_20180401_2OJ3QQ.wav,1,BAL_3,15.7178097723472,0.9581217604484893
BAL_3_20180401_9ZE9DJ.wav,1,BAL_3,12.123838029672,0.9993109685641688
BAL_3_20180407_0NXXFZ.wav,0,BAL_3,12.1373592472152,0.290152383589083
BAL_3_20180408_9XF7GC.wav,1,BAL_3,12.787064683309,0.972702077243419
BAL_3_20180408_LEQSHX.wav,1,BAL_3,13.1468056100438,0.9819267401304462
BAL_3_20180409_PVQQZR.wav,1,BAL_3,11.6806484642479,0.9981640966267762
BAL_3_20180413_5RNHYV.wav,1,BAL_3,27.139702532765,0.9999816421070834
BAL_3_20180415_B3AYA0.wav,1,BAL_3,11.272654220082,0.9971901673249238
BAL_3_20180415_FNJMHQ.wav,1,BAL_3,15.2275353099074,0.9999992847447459
BAL_3_20180418_DCDAQZ.wav,1,BAL_3,19.4054745680581,0.9995782962367271
BAL_3_20180419_16MD1L.wav,1,BAL_3,17.2257709699074,0.9845596829277066
BAL_3_20180419_61F3EM.wav,1,BAL_3,12.9819011942397,0.9973230688602248
BAL_3_20180419_664XK8.wav,1,BAL_3,14.232394996849,0.9967375490261906
BAL_3_20180419_9GK172.wav,1,BAL_3,11.8625214563417,0.9270472826890301
BAL_3_20180419_GKPTO5.wav,1,BAL_3,8.17068762933756,0.9828086554363815
BAL_3_20180420_DY03SW.wav,1,BAL_3,13.7121812204462,0.99996864893943
BAL_3_20180420_G5BEFT.wav,0,BAL_3,11.6137542521971,0.3569533510405782
BAL_3_20180421_C9R69U.wav,1,BAL_3,11.5217299883316,0.9989350466632108
BAL_3_20180421_Y7RTS9.wav,1,BAL_3,22.1762417799106,0.9999865295319578
BAL_3_20180422_L4H9Q3.wav,1,BAL_3,11.1231477416055,0.9998264613952123
BAL_3_20180423_WWG7C0.wav,1,BAL_3,16.4499387742332,0.9976424852477633
BAL_3_20180426_FAYM0R.wav,1,BAL_3,11.8001903320523,0.9920554982556555
BAL_3_20180426_M1BXH5.wav,1,BAL_3,10.5708318478624,0.993043516977365
BAL_3_20180426_S40HEQ.wav,1,BAL_3,8.71443348635464,0.722090396208806
BAL_3_20180430_3HH17T.wav,0,BAL_3,8.40591086569175,0.4920224665510242
BAL_3_20180507_76VE8C.wav,1,BAL_3,10.5596571003107,0.9981973538447579
BAL_3_20180508_XWTH8P.wav,0,BAL_3,8.69588832481502,0.2889777089575938
BAL_3_20180509_4C7UY5.wav,1,BAL_3,18.1579113509625,0.999961735281401
BAL_3_20180509_RXLZS2.wav,1,BAL_3,18.2772542018191,0.9999623312833917
BAL_3_20180512_KF35OS.wav,1,BAL_3,11.9643431098656,0.7211729375922117
BAL_3_20180515_1UFLQT.wav,1,BAL_3,13.6047728576313,0.957666624549885
BAL_3_20180515_BOAOTX.wav,1,BAL_3,17.9553482408095,0.9502983968795436
BAL_3_20180517_6NKAH5.wav,1,BAL_3,23.1589865666423,0.9995461378993423
BAL_3_20180517_IT1I1L.wav,1,BAL_3,15.3782592632216,0.9964801426100641
BAL_3_20180517_KLYZS4.wav,1,BAL_3,27.7440823031296,0.9994405063880405
BAL_3_20180517_V6G4C8.wav,1,BAL_3,17.0802357576606,0.999636662935655
BAL_3_20180517_WDVS57.wav,1,BAL_3,9.70248076047946,0.8334730627938111
BAL_3_20180518_AS8DIL.wav,1,BAL_3,14.8676137224041,0.9994749205156138
BAL_3_20180518_WR5GU0.wav,1,BAL_3,8.218846995212,0.9871371978162881
BAL_3_20180520_3LZLHT.wav,1,BAL_3,9.88167182973866,0.8939811755560413
BAL_3_20180520_6TLNNU.wav,1,BAL_3,8.23261035459203,0.8909221957567057
BAL_3_20180520_EHBOK7.wav,1,BAL_3,19.8694167878667,0.9980427263279238
BAL_3_20180520_PSP3XE.wav,1,BAL_3,10.527059867213,0.8381623524176903
BAL_3_20180520_S8MVVY.wav,1,BAL_3,11.2243403036762,0.9848174417356881
BAL_3_20180520_XWPCVT.wav,1,BAL_3,17.1653917168824,0.999998927117538
BAL_3_20180522_DTXLL8.wav,1,BAL_3,14.7605461834466,0.9701563240365045
BAL_3_20180524_VT26V2.wav,1,BAL_3,10.1055303826202,0.9978632191290454
BAL_3_20180525_3KWV4S.wav,1,BAL_3,11.7536011590507,0.9817004773479507
BAL_3_20180525_5DRCEV.wav,1,BAL_3,9.90982812358998,0.9913067237091632
BAL_3_20180526_7ZLVEI.wav,1,BAL_3,15.8142232386508,0.9589434364203345
BAL_3_20180526_ETIP8Z.wav,1,BAL_3,10.9663230213517,0.9989133971707093
BAL_3_20180526_XXEQQF.wav,1,BAL_3,23.3208830068091,0.999994397195003
BAL_3_20180527_V387UA.wav,1,BAL_3,9.16167662370546,0.8010588284094368
BAL_3_20180529_WM4NHY.wav,1,BAL_3,11.0031367009328,0.9999996423722521
BAL_3_20180530_1OSKK0.wav,1,BAL_3,11.7979556815578,0.9958395726397588
BAL_3_20180530_287DLI.wav,1,BAL_3,11.0213656949383,0.9955439938954515
BAL_3_20180530_CKLPMD.wav,1,BAL_3,9.01797239554398,0.9943253595886778
BAL_3_20180531_B8F93Q.wav,1,BAL_3,10.432106799175,0.9913800619821738
BAL_3_20180531_X5KHDA.wav,1,BAL_3,14.3263005025824,0.9998624513992797
BAL_3_20180601_K3BVJF.wav,1,BAL_3,15.0435638873094,0.7473137515004996
BAL_3_20180602_3ONZNG.wav,1,BAL_3,14.46360952566,0.9991151777863486
BAL_3_20180602_3Z9P8B.wav,1,BAL_3,14.3320288791258,0.9993525169993458
BAL_3_20180602_ER6B2B.wav,1,BAL_3,10.8356637643455,0.80720744757513
BAL_3_20180602_RDC4S4.wav,1,BAL_3,9.14577690127107,0.7637147198273009
BAL_3_20180602_TLQDBI.wav,1,BAL_3,20.4372987504441,0.9999994039539004
BAL_3_20180606_3MCOZ2.wav,1,BAL_3,24.8999968705142,0.9999967813595916
BAL_3_20180606_EFRTHZ.wav,1,BAL_3,18.8848137685723,0.9999537489348336
BAL_3_20180606_LTGT87.wav,1,BAL_3,12.5926394332016,0.9935966933941071
BAL_3_20180609_LTAUQ6.wav,1,BAL_3,9.82148091963098,0.9831165376838015
BAL_3_20180609_UIU78Y.wav,1,BAL_3,8.00126663734004,0.9860763837876213
BAL_3_20180610_1SJT28.wav,1,BAL_3,8.3851886485507,0.9268416138406044
BAL_3_20180610_RAWKFF.wav,1,BAL_3,8.47785960100013,0.9903755880722199
BAL_3_20180611_F9HOYA.wav,1,BAL_3,8.95931600505776,0.41659703707001683
BAL_3_20180611_MRJFV3.wav,1,BAL_3,11.3234446761891,0.9957648634875689
BAL_3_20180614_HVDNJ6.wav,1,BAL_3,9.38610640820764,0.9998289639225073
BAL_3_20180614_I6KGHU.wav,1,BAL_3,21.3235076268561,0.9999938011552557
BAL_3_20180615_2CWIJQ.wav,1,BAL_3,18.5979299111206,0.9442586698697772
BAL_3_20180615_6Z4NX8.wav,1,BAL_3,12.4742390986506,0.9991351699215302
BAL_3_20180615_AV4PV5.wav,1,BAL_3,27.3763575171089,0.9984903510502299
BAL_3_20180615_C14Z03.wav,1,BAL_3,10.6337891404608,0.906517360813441
BAL_3_20180616_ZHETX9.wav,0,BAL_3,14.5012333562743,0.553941586781975
BAL_3_20180617_JH095K.wav,1,BAL_3,9.01035618974101,0.5984939136030477
BAL_3_20180618_ZE7AFR.wav,1,BAL_3,10.2532670969856,0.9867574929622938
BAL_3_20180620_IYFEOD.wav,1,BAL_3,8.53478253736139,0.5072124857187816
BAL_3_20180624_CPOTB4.wav,0,BAL_3,10.0624077541688,0.4249806506708406
BAL_3_20180626_0ZOO13.wav,0,BAL_3,8.08789806866559,0.36391743768954454
BAL_3_20180626_V5USQK.wav,1,BAL_3,8.75172606146935,0.5087204689138878
BAL_3_20180628_11JGQC.wav,1,BAL_3,19.4463072344724,0.9998659075335375
BAL_3_20180628_48VIGU.wav,1,BAL_3,24.0166157968005,0.9999798540367254
BAL_3_20180628_LDIYN2.wav,1,BAL_3,12.8950934736473,0.8848837811181923
BAL_3_20180628_R8IIKD.wav,1,BAL_3,15.4641121260729,0.7529076498220489
BAL_3_20180628_VUW8G8.wav,1,BAL_3,10.2493023076172,0.6183403049057549
BAL_3_20180629_131UNH.wav,1,BAL_3,11.2732953101959,0.8433586017086738
BAL_3_20180629_DO4VHA.wav,1,BAL_3,19.2496237370879,1.0
BAL_3_20180629_HJMRGK.wav,1,BAL_3,12.734249485715,0.9763009302989388
BAL_3_20180629_KFMZCX.wav,1,BAL_3,8.8722888318193,0.9419257501395493
BAL_3_20180708_1RMDQZ.wav,1,BAL_3,10.6291934222611,0.9833321573337073
BAL_3_20180708_DSLYXH.wav,1,BAL_3,10.8514780981591,0.997221226049436
BAL_3_20180708_J9KTBF.wav,1,BAL_3,13.2294479879002,0.9992962072021763
BAL_3_20180708_L157AZ.wav,1,BAL_3,11.1815275931512,0.9366187965767627
BAL_3_20180708_VHXD0O.wav,1,BAL_3,9.17743123267791,0.9991426671844037
BAL_3_20180710_CNIHCQ.wav,0,BAL_3,9.51672066512765,0.2404107269660333
BAL_3_20180723_8Z1HZI.wav,1,BAL_3,9.68281672293625,0.8891577891701151
BAL_3_20180725_SQRPH1.wav,1,BAL_3,10.1338504691548,0.9937764347313683
BAL_3_20180725_T500QI.wav,1,BAL_3,26.3263445500429,0.9999992847447459
BAL_3_20180727_4WA6VU.wav,1,BAL_3,8.75015827679386,0.7154695011432857
BAL_3_20180729_IP53N2.wav,1,BAL_3,11.5100253002273,0.9945301252801054
BAL_3_20180729_Q9TQ31.wav,1,BAL_3,17.0763116897919,0.4882282914058112
BAL_3_20180730_2FE293.wav,1,BAL_3,15.0830582301119,0.9999830725678546
BAL_3_20180730_EHW8FV.wav,1,BAL_3,9.33358362312893,0.7393384496912572
BAL_3_20180731_D098P6.wav,1,BAL_3,20.7219085469081,0.9999995231630692
BAL_3_20180731_EFI2LN.wav,1,BAL_3,17.1942283982679,0.9998358757532201
BAL_3_20180802_4O2L0H.wav,1,BAL_3,10.152526546141,0.8964055537456932
BAL_3_20180802_EPBG5H.wav,1,BAL_3,12.2312051591135,0.9999855758836753
BAL_3_20180802_SE9IAO.wav,1,BAL_3,16.2880849803288,0.9987156219043408
BAL_3_20180808_5801II.wav,0,BAL_3,10.6856973459258,0.3013285127368313
BAL_3_20180811_0MUT69.wav,1,BAL_3,10.3250606281543,0.9969659395950485
BAL_3_20180814_TDFHB2.wav,1,BAL_3,9.61601402795719,0.9865969907109953
BAL_3_20180816_CZ5MFW.wav,0,BAL_3,11.5055698358369,0.34127800695449173
BAL_3_20180907_JAS2UF.wav,1,BAL_3,9.84777467821407,0.9457675230521944
BAL_3_20180907_KCXIGO.wav,0,BAL_3,12.2039176175391,0.2828997936893778
BAL_3_20180910_REUU2F.wav,1,BAL_3,11.1885603006346,0.9990524695626268
BAL_3_20180913_FC80YP.wav,1,BAL_3,8.90488534948876,0.9493101931527708
BAL_3_20180914_11AXC0.wav,1,BAL_3,17.9083027605394,0.9976257562246867
BAL_3_20180914_4RFRQT.wav,1,BAL_3,11.1547167533242,0.9992963262112409
BAL_3_20180914_IOEOKT.wav,1,BAL_3,11.5322959763526,0.9995235092011516
BAL_3_20180916_0HHPA7.wav,1,BAL_3,10.1628516952816,0.9973126346765442
BAL_3_20180916_DFGO8V.wav,1,BAL_3,9.88666698965497,0.9113867721952094
BAL_3_20180916_PJVAZF.wav,1,BAL_3,13.7749123812614,0.9904919431336737
BAL_3_20180919_RVKXA7.wav,1,BAL_3,17.7942984258393,0.9771334953432236
BAL_3_20180920_4FCTXV.wav,1,BAL_3,16.0373413208834,0.9999994039539004
BAL_3_20180922_KXM74R.wav,1,BAL_3,18.0842957580872,0.9999995231630692
BAL_3_20180923_1KHT5A.wav,1,BAL_3,14.0914106233422,0.9999479082542545
BAL_3_20180923_SDJPW8.wav,1,BAL_3,15.5743699363484,0.9999679337281997
BAL_3_20180923_SQ0VJ5.wav,1,BAL_3,24.8386555972554,1.0
BAL_3_20180923_T68G9E.wav,1,BAL_3,13.9920126072351,0.9390830258170947
BAL_3_20180924_7NA68M.wav,1,BAL_3,16.2279965098342,0.9999281219647156
BAL_3_20180924_AWAE6D.wav,1,BAL_3,20.2964005432817,0.9999632848858607
BAL_3_20180927_SR1GYB.wav,1,BAL_3,13.4119024038227,0.9999982118638471
BAL_3_20180928_6VEQGO.wav,1,BAL_3,12.2163447299286,0.8657252071524804
BAL_3_20180928_I7BXGA.wav,1,BAL_3,12.2501664896825,0.585696120120624
BAL_3_20180929_58EQZ0.wav,1,BAL_3,10.8147937646829,0.6143191656608374
BAL_3_20180930_DBXRGP.wav,1,BAL_3,11.4444821728738,0.9837299951285148
BAL_3_20180930_Y23AS4.wav,1,BAL_3,17.3609607858148,0.9998154980680914
BAL_3_20181001_8QDR7J.wav,1,BAL_3,13.3579334972351,0.9994892108327056
BAL_3_20181002_QBZ4S6.wav,1,BAL_3,19.4376601858891,0.9999755626925522
BAL_3_20181003_NTIVK4.wav,1,BAL_3,10.9320823549236,0.997504516878936
BAL_3_20181003_UPPOXA.wav,1,BAL_3,10.0502867290766,0.9748324823057779
BAL_3_20181005_9D9V9Y.wav,1,BAL_3,15.7658055885714,0.9999612584807916
BAL_3_20181005_WZ8M7M.wav,1,BAL_3,16.0673021537268,0.9999974966112362
BAL_3_20181006_EKXUWE.wav,1,BAL_3,11.4317690051234,0.9999338432228186
BAL_3_20181007_RVMNX1.wav,0,BAL_3,9.04349119743014,0.2518279588444141
BAL_3_20181010_NNJK71.wav,1,BAL_3,8.69178490860608,0.32853669992064677
BAL_3_20181011_0NF2Y0.wav,0,BAL_3,8.47179367766503,0.43366545545574753
BAL_3_20181011_6VCDQ4.wav,1,BAL_3,10.4147724557272,0.7070740753151031
BAL_3_20181018_60LOAZ.wav,1,BAL_3,20.8437629913851,0.9999986886995842
BAL_3_20181024_7O6SQZ.wav,0,BAL_3,10.5898861575825,0.31594956433469
BAL_3_20181025_GNHS7C.wav,1,BAL_3,8.94062226130892,0.984128615295786
BAL_3_20181028_PU4MTI.wav,1,BAL_3,8.51324869925825,0.8741109001409476
BAL_3_20181028_UWCC0M.wav,1,BAL_3,8.13787679058774,0.26049556965635196
BAL_3_20181030_LWKDMB.wav,1,BAL_3,12.6809789305087,0.9124821378945472
BAL_3_20181104_JRKLG8.wav,1,BAL_3,13.0322572850836,0.6522196702056718
BAL_3_20181106_RAAI6C.wav,1,BAL_3,14.1622558841274,0.9987111035930211
BAL_3_20181107_BWI0MJ.wav,0,BAL_3,9.54341540670092,0.33033321899836365
BAL_3_20181111_4IE460.wav,1,BAL_3,17.2811041925826,1.0
BAL_3_20181112_JNPGUB.wav,0,BAL_3,8.13412587816929,0.2962639631603717
BAL_3_20181115_O2FUUI.wav,0,BAL_3,9.34613719717654,0.6544635952140294
BAL_3_20181118_DX0U77.wav,0,BAL_3,10.9175471741486,0.4015948421435772
BAL_3_20181123_6SJV54.wav,0,BAL_3,26.607809671247,0.2575469624895664
BAL_3_20181128_PTYNNB.wav,0,BAL_3,19.4240192249929,0.29363753390886616
BAL_3_20181128_QVEKCR.wav,0,BAL_3,8.79018715095848,0.5544961948994266
BAL_3_20181201_4FRN1B.wav,1,BAL_3,19.9905318385369,0.999995112442896
BAL_3_20181201_SZD6BU.wav,1,BAL_3,21.4082126380051,0.999998927117538
BAL_3_20181202_7ZQFDJ.wav,1,BAL_3,18.1355896321044,1.0
BAL_3_20181204_M6FN4A.wav,0,BAL_3,17.6590804708628,0.31344019167773046
BAL_3_20181206_G5KN9G.wav,1,BAL_3,9.98596819252568,0.9723675444621873
BAL_3_20181208_CWUEI1.wav,1,BAL_3,13.1404696286327,0.995962772697435
BAL_3_20181212_DOL18A.wav,1,BAL_3,13.1947344572698,0.9990497329675299
BAL_3_20181213_FJ2JAV.wav,1,BAL_3,9.65839021966895,0.9906930264049014
BAL_3_20181215_JY0U6W.wav,1,BAL_3,10.6067663807649,0.9564344244857944
BAL_3_20181215_SNI3D0.wav,1,BAL_3,8.40882803304926,0.6262953912663377
BAL_3_20181216_T89DVK.wav,1,BAL_3,9.14052276644868,0.9319141015605831
BAL_3_20181218_GJ1JHI.wav,1,BAL_3,17.0903155564379,0.9998587569502351
BAL_3_20181222_XIUFG6.wav,1,BAL_3,14.3750909237447,0.9999456435183514
BAL_3_20181224_WBJ630.wav,0,BAL_3,10.0088024746533,0.3167549818541405
BAL_3_20181225_XY878U.wav,0,BAL_3,16.1615169858627,0.3115390958947566
BAL_3_20181227_4WWAWW.wav,0,BAL_3,9.45823658225883,0.3386284173623682
BAL_3_20181228_4R3I56.wav,0,BAL_3,10.050079268483,0.37838674394582655
BAL_3_20181228_895DR4.wav,0,BAL_3,9.57713463124838,0.3448031288640741
BAL_3_20181228_D0HB5K.wav,0,BAL_3,13.1212761669033,0.2116599229547728
BAL_3_20181229_5VKNBW.wav,0,BAL_3,9.31599205120554,0.2994668184184592
BAL_3_20181230_376Q7U.wav,0,BAL_3,18.1853297882932,0.39412651326379977
BAL_3_20190101_G0PFIU.wav,0,BAL_3,12.6651934237707,0.5446379874015566
BAL_3_20190102_2G1SXZ.wav,0,BAL_3,8.67295713254922,0.3572142910827999
BAL_3_20190104_N68F18.wav,1,BAL_3,11.0060912547965,0.9986628316501953
BAL_3_20190111_GX80CS.wav,0,BAL_3,12.8182783087468,0.5529831267314805
BAL_3_20190113_1NZHPX.wav,0,BAL_3,19.8144585828267,0.30309987037210395
BAL_3_20190113_OEH5W0.wav,0,BAL_3,9.30827696549144,0.2822797450224237
BAL_3_20190113_S87F1B.wav,0,BAL_3,8.83096457867606,0.4150682161272447
BAL_3_20190117_TXOR2F.wav,0,BAL_3,17.2402513022293,0.17778253483078302
BAL_3_20190117_WTM0VJ.wav,0,BAL_3,11.4053749465483,0.26359587071526197
BAL_3_20190119_UMY2TH.wav,1,BAL_3,9.54632911344338,0.8686667554989739
BAL_3_20190129_HX5NZ3.wav,0,BAL_3,13.9101293960328,0.4137876495914616
BAL_3_20190205_ZABO8T.wav,0,BAL_3,10.6235589152918,0.443844681006807
BAL_4_20190226_WDC4VK.wav,0,BAL_4,13.0939867291309,0.7802718323908375
BAL_4_20190324_74KQDN.wav,1,BAL_4,10.154437848064,0.9892380396185544
BAL_4_20190403_WF3RCD.wav,0,BAL_4,14.1943846168137,0.7936215956101564
BAL_4_20190406_W7L2EX.wav,0,BAL_4,8.57295073263739,0.5834496386161767
BAL_4_20190426_HIVO5T.wav,1,BAL_4,10.05385118629,0.99622357924178
BAL_4_20191008_VA7SSP.wav,0,BAL_4,8.67599442749956,0.6401152569136819
BAL_4_20191013_JH7F6T.wav,0,BAL_4,8.45127695108988,0.7920939810119609
BAL_4_20191015_DERWXI.wav,1,BAL_4,16.8898848729852,0.7492165905761589
BAL_4_20191016_J3GZUU.wav,1,BAL_4,15.0227512192339,0.33710326038812105
BAL_4_20191017_GX3L9D.wav,0,BAL_4,13.6973362418659,0.8258000301518722
BAL_4_20191017_RRE835.wav,0,BAL_4,20.3606307542008,0.39404026092064426
BAL_4_20191024_F7HAQU.wav,0,BAL_4,12.4366150591282,0.611735258524595
BAL_4_20191026_NQVUNP.wav,1,BAL_4,9.75226378193796,0.9997257746335437
BAL_4_20191028_9GPU9U.wav,1,BAL_4,14.130135696366,0.9937128642054432
BAL_4_20191031_D94UL0.wav,0,BAL_4,11.5475826453501,0.5296493958787527
BAL_4_20191119_0DVOE6.wav,1,BAL_4,13.3842392995865,0.9999492194198731
BAL_4_20191122_HGL5IX.wav,0,BAL_4,12.3025829672583,0.47759083036992106
BAL_4_20191205_0NBPKX.wav,1,BAL_4,12.088753499396,0.9118047196278897
BAL_4_20191205_M3G9SP.wav,1,BAL_4,14.4302668431377,0.9816615316288877
BAL_4_20191208_WTH5PB.wav,1,BAL_4,18.3603266840051,1.0
BAL_4_20191229_MX0O30.wav,0,BAL_4,22.0815399394392,0.6480725711544052
BAL_4_20200101_1QHNYQ.wav,1,BAL_4,19.8144919857708,0.5968624597764802
BAL_4_20200101_LE25DW.wav,1,BAL_4,8.05113721731075,0.9817530973901156
BAL_4_20200101_T7ODD0.wav,1,BAL_4,17.322854350672,0.7576806199402633
BAL_4_20200103_NEZTFB.wav,0,BAL_4,20.9407811261177,0.911530671295287
BAL_4_20200104_9MSICD.wav,1,BAL_4,14.1384973309198,0.831406083020133
BAL_4_20200104_M7GJR6.wav,1,BAL_4,9.0033804590779,0.9875998562451395
BAL_4_20200105_3YJBVL.wav,1,BAL_4,13.5900296154515,0.9752858303667069
BAL_4_20200106_5WSONK.wav,0,BAL_4,20.086895927777,0.6384799771226183
BAL_4_20200106_H8T557.wav,1,BAL_4,20.0905749230411,0.8300713330951731
BAL_4_20200108_6VIEIR.wav,1,BAL_4,11.3869221568025,0.9632111696381336
BAL_4_20200109_16QTQW.wav,1,BAL_4,20.8442113255036,0.8622507266675286
BAL_4_20200113_E7IAKS.wav,1,BAL_4,18.063913240289,0.9964853510411514
BAL_4_20200115_QNXB1K.wav,0,BAL_4,8.47707677884471,0.8280947448646717
BAL_4_20200115_WIX6LN.wav,1,BAL_4,11.9073746385622,0.8588240776259563
BAL_4_20200121_OT6D6S.wav,1,BAL_4,12.3498296940042,0.9568091504545131
BAL_4_20200125_0108OD.wav,1,BAL_4,18.86782394624,0.9636246560466387
BAL_4_20200130_994VVQ.wav,1,BAL_4,10.1156736548346,0.9843049479541367
BAL_4_20200201_9G5ATR.wav,1,BAL_4,14.4068300943529,0.8421894733024289
BAL_4_20200201_E3J6Z4.wav,1,BAL_4,12.5324355874335,0.9673113278204809
BAL_4_20200202_IMWLF1.wav,1,BAL_4,16.4747538997334,0.9586932371781872
BAL_4_20200202_TTZE7R.wav,1,BAL_4,14.988486151936,0.7518608192660325
BAL_4_20200203_1WUL64.wav,1,BAL_4,13.888899989728,0.9278886516995769
BAL_4_20200203_RHY092.wav,1,BAL_4,14.9503562166502,0.9854450634076262
BAL_4_20200204_7BXGX9.wav,1,BAL_4,8.52962631662339,0.9265303036774527
BAL_4_20200205_LWOAKI.wav,1,BAL_4,16.6364343189539,0.9931201696062081
BAL_4_20200207_ADNJRQ.wav,1,BAL_4,13.3787265365881,0.9962020471961818
BAL_4_20200207_SER8GA.wav,1,BAL_4,12.6702305376071,0.960303243767852
BAL_4_20200208_7PPKP8.wav,1,BAL_4,11.4034933777609,0.9875064999135963
BAL_4_20200209_F0YXEE.wav,1,BAL_4,11.9000322322739,0.9171937316548994
CAL_20120413_01I8B5.wav,0,CAL,21.5523170187252,0.6084485146624964
CAL_20120413_08MP0X.wav,1,CAL,9.70614539579628,0.9437541679100053
CAL_20120413_0A5GOC.wav,1,CAL,18.6151973138109,0.6481273095338194
CAL_20120413_0MJ9M9.wav,1,CAL,11.5948263310992,0.23673830374102375
CAL_20120413_0NOJT0.wav,0,CAL,14.4450076160154,0.3385049955769041
CAL_20120413_1C3LZ8.wav,1,CAL,11.8107314497168,0.7197124254386724
CAL_20120413_1E140R.wav,1,CAL,14.754110581775,0.5682293983019864
CAL_20120413_1H8GVK.wav,1,CAL,16.2060125098906,0.7803939947563525
CAL_20120413_1I70R5.wav,1,CAL,12.1182540220007,0.7359814797425305
CAL_20120413_1Q2CB7.wav,1,CAL,11.7043606574509,0.8470791582851807
CAL_20120413_1S3RMP.wav,1,CAL,9.21798699199231,0.7909363043827371
CAL_20120413_1SEIKO.wav,0,CAL,20.6826591537969,0.6233295217570197
CAL_20120413_1WJUZ3.wav,1,CAL,14.0603115661544,0.5245485143394039
CAL_20120413_22KNWF.wav,1,CAL,15.5800084295809,0.9653880318041616
CAL_20120413_24CGSH.wav,0,CAL,15.0118709593079,0.40768221942789346
CAL_20120413_25ESXM.wav,0,CAL,10.9325951929395,0.6103978101829208
CAL_20120413_2A63RD.wav,1,CAL,18.0784722550596,0.849459166499004
CAL_20120413_2FDJZV.wav,1,CAL,15.4011683501583,0.625240789853992
CAL_20120413_2KRV6S.wav,1,CAL,15.4518088087416,0.986226397498491
CAL_20120413_2NV42X.wav,1,CAL,15.0363779154357,0.9075243655364021
CAL_20120413_2QO1PI.wav,0,CAL,11.8494434855117,0.3309772165770464
CAL_20120413_2Y8O7Q.wav,1,CAL,9.49647573350201,0.8339232997215408
CAL_20120413_30A7BD.wav,1,CAL,15.0418455610264,0.7008153118596432
CAL_20120413_345SVH.wav,1,CAL,9.14432277458396,0.847336872441872
CAL_20120413_36L06Y.wav,1,CAL,17.7048501997717,0.9814381470110599
CAL_20120413_36MWNU.wav,1,CAL,8.97965165543969,0.9274576793356109
CAL_20120413_3A9AV7.wav,0,CAL,14.5488544177689,0.3694043491802955
CAL_20120413_3CPMQ4.wav,1,CAL,19.0960835884662,0.925515724972146
CAL_20120413_3DFZBU.wav,0,CAL,15.8020136119684,0.3963037081580542
CAL_20120413_3DOU9B.wav,1,CAL,13.5983534202851,0.6286995924868076
CAL_20120413_3FCCO8.wav,1,CAL,9.60712151830621,0.9118887723689217
CAL_20120413_3L3ORN.wav,0,CAL,14.4278565248644,0.2911264114295503
CAL_20120413_3S2G2Q.wav,1,CAL,12.401307545027,0.8833215571252122
CAL_20120413_3T8VVQ.wav,1,CAL,10.5262037983291,0.8673028674210019
CAL_20120413_3TMTFR.wav,1,CAL,13.9503319272425,0.6206624516230397
CAL_20120413_3U8NWL.wav,0,CAL,17.3270711498287,0.2335052998537157
CAL_20120413_41PJSO.wav,1,CAL,14.549911271652,0.7844861778752774
CAL_20120413_4CBM61.wav,1,CAL,18.2933905068218,0.8495204077619817
CAL_20120413_4GEM8E.wav,1,CAL,16.5733767760124,0.9439000761235293
CAL_20120413_4H39JX.wav,1,CAL,11.6712794859202,0.42814024985021576
CAL_20120413_4LIR8S.wav,1,CAL,12.4228417777625,0.8478113123004958
CAL_20120413_4O56MS.wav,0,CAL,19.1438185451084,0.7880070840728738
CAL_20120413_4YFV2P.wav,1,CAL,13.9703652936051,0.5014736262301333
CAL_20120413_50ZME8.wav,0,CAL,18.6031781012795,0.8609313828583465
CAL_20120413_56B6BX.wav,0,CAL,16.6122976348879,0.4457473848292163
CAL_20120413_57GG8M.wav,0,CAL,14.5798930355212,0.3124315436797396
CAL_20120413_59M8S8.wav,1,CAL,17.2858491392085,0.8889840325484226
CAL_20120413_5IL5GU.wav,1,CAL,10.2928874453178,0.8509520617358325
CAL_20120413_5UOOZP.wav,1,CAL,15.2945207848041,0.9568459321209309
CAL_20120413_5YBIKG.wav,0,CAL,9.77221847544288,0.6932403283461702
CAL_20120413_5YS0G7.wav,1,CAL,17.112396620427,0.8900568697680905
CAL_20120413_67WN9W.wav,0,CAL,13.651885297959,0.22652145508045274
CAL_20120413_682LI1.wav,0,CAL,8.79790644077864,0.708346181998564
CAL_20120413_6HTV3R.wav,0,CAL,19.9119997785359,0.5420576657691518
CAL_20120413_6P2N3O.wav,1,CAL,15.779616552771,0.9945973374594197
CAL_20120413_6PQZSE.wav,0,CAL,15.3547730889385,0.17024823864383343
CAL_20120413_6TYAWV.wav,1,CAL,16.1734078142288,0.8520110835631329
CAL_20120413_77URZH.wav,1,CAL,9.83163871467463,0.8646445007924493
CAL_20120413_79F6TB.wav,1,CAL,17.7780140344455,0.5910722041278498
CAL_20120413_7EANAV.wav,1,CAL,15.6103490119107,0.7939079873852882
CAL_20120413_7KO3CX.wav,1,CAL,14.7181116829789,0.9450076502032466
CAL_20120413_7LRRYH.wav,1,CAL,13.494381025283,0.7354298063058662
CAL_20120413_7SPL67.wav,0,CAL,18.2925591535777,0.570386949888695
CAL_20120413_815EPB.wav,0,CAL,11.1168025322894,0.23239910909165196
CAL_20120413_876B0Z.wav,0,CAL,13.3955181161537,0.32702412985605867
CAL_20120413_8F77W7.wav,1,CAL,14.2356213075789,0.8080033090899813
CAL_20120413_8GEH27.wav,0,CAL,15.3862811412125,0.1916840247265054
CAL_20120413_8NRK78.wav,1,CAL,17.1941552793247,0.6974093722916442
CAL_20120413_8RAP1L.wav,1,CAL,14.3039941389466,0.976775549222646
CAL_20120413_8RL4JV.wav,1,CAL,9.5161007859642,0.9060172443266233
CAL_20120413_91UJYQ.wav,1,CAL,15.5308636229938,0.8443269687703652
CAL_20120413_93YFAV.wav,1,CAL,16.9372394083465,0.6978443803007144
CAL_20120413_95MYFU.wav,0,CAL,14.2783454695081,0.3463926457640395
CAL_20120413_95Z0I1.wav,0,CAL,16.0972953143769,0.23637013166254936
CAL_20120413_9A3SB1.wav,0,CAL,15.7777507074347,0.1984813407607127
CAL_20120413_9FOY5R.wav,1,CAL,13.518862540266,0.5789280379126804
CAL_20120413_9K520Z.wav,0,CAL,16.9359110540388,0.5845961561295862
CAL_20120413_9UBDHL.wav,0,CAL,17.6323858236474,0.1762550344118651
CAL_20120413_A5LM9W.wav,0,CAL,13.0900935233082,0.3746021766444924
CAL_20120413_AE5S0F.wav,1,CAL,15.5036670999222,0.7303515323682596
CAL_20120413_AEV7H0.wav,0,CAL,14.900846209855,0.367211396668767
CAL_20120413_AGMIWN.wav,1,CAL,15.4716207012624,0.921101532118641
CAL_20120413_AGSJC4.wav,1,CAL,14.7792054413221,0.7481893854263574
CAL_20120413_AI3P57.wav,0,CAL,13.0487036706268,0.25525953617218167
CAL_20120413_AJ1N1W.wav,1,CAL,14.7087883934648,0.880133701915612
CAL_20120413_APDJHX.wav,0,CAL,21.6954550433998,0.5584086086968117
CAL_20120413_AWB1CA.wav,0,CAL,9.3166910149396,0.2584521089152526
CAL_20120413_BFJ24U.wav,1,CAL,15.3541993270396,0.9999811652878874
CAL_20120413_BGSCOL.wav,0,CAL,11.7792986792724,0.22781359666968046
CAL_20120413_BWKEZ9.wav,1,CAL,14.1526115635844,0.5695666994919473
CAL_20120413_C121UZ.wav,1,CAL,8.97881061861843,0.7536224049819032
CAL_20120413_C5Z6QY.wav,1,CAL,13.6966329342314,0.733298834904096
CAL_20120413_C890QJ.wav,0,CAL,8.19745225268998,0.026979053728861984
CAL_20120413_C99GIP.wav,0,CAL,14.9187231026314,0.2729274107939555
CAL_20120413_CD0CAO.wav,1,CAL,13.3284107941202,0.39969297581009566
CAL_20120413_CHDJ2A.wav,0,CAL,14.6322035243586,0.2983627893780118
CAL_20120413_CK0BWA.wav,1,CAL,13.5278556318005,0.9360726972816963
CAL_20120413_CMBMA9.wav,1,CAL,10.3405828792821,0.9999753242852847
CAL_20120413_CZY2TT.wav,0,CAL,12.5359188901971,0.29604807585474324
CAL_20120413_D352ZP.wav,1,CAL,13.4329041862773,0.673803799431488
CAL_20120413_D4OCJQ.wav,0,CAL,9.96247414385898,0.4682363781060867
CAL_20120413_DEX5K9.wav,0,CAL,8.21073207715875,0.3414265747734041
CAL_20120413_DNNS99.wav,0,CAL,15.3389074669098,0.22653989919566228
CAL_20120413_E0MYZX.wav,1,CAL,13.4266131262576,0.94408034951533
CAL_20120413_E2NIBN.wav,0,CAL,17.679025478363,0.26741838074502994
CAL_20120413_E53EUA.wav,1,CAL,14.6853909117246,0.31263299091756225
CAL_20120413_E6275Y.wav,1,CAL,10.1754303373838,0.8937525836474655
CAL_20120413_ECD1O7.wav,1,CAL,12.846771426501,0.9998028667097628
CAL_20120413_EEN95L.wav,1,CAL,13.590368035828,0.42405915334251326
CAL_20120413_EK3BBP.wav,1,CAL,14.7184218905837,0.9998937958019426
CAL_20120413_EOHB8H.wav,1,CAL,13.723079219247,0.6094308920984853
CAL_20120413_EW2YNA.wav,0,CAL,15.8851497539139,0.1423345414431775
CAL_20120413_EXRNTC.wav,1,CAL,14.4012330314054,0.9951607467161262
CAL_20120413_F118OQ.wav,1,CAL,16.0499914933816,0.9809071391996068
CAL_20120413_FHNTF9.wav,1,CAL,13.5441828372959,0.45775303001900064
CAL_20120413_G2YGC7.wav,1,CAL,15.345777498556,0.9298900600382148
CAL_20120413_GHIS3M.wav,0,CAL,15.2672144901185,0.4211261925991528
CAL_20120413_GHY0L4.wav,0,CAL,8.0954454483114,0.7682324179286997
CAL_20120413_H031MV.wav,1,CAL,9.07401816690342,0.8883856333754823
CAL_20120413_H3ISYI.wav,1,CAL,13.3834216266803,0.987837223259327
CAL_20120413_HA64CG.wav,0,CAL,14.883270327827,0.4850636217318856
CAL_20120413_HAZWAK.wav,0,CAL,11.8874665641855,0.3300613809979476
CAL_20120413_HH7VBN.wav,1,CAL,15.0160322060296,0.9508600356537914
CAL_20120413_HNSM3J.wav,0,CAL,20.1532985848783,0.22320975911313726
CAL_20120413_HORPRK.wav,0,CAL,21.8231321437321,0.01601828906122012
CAL_20120413_HPMGL9.wav,0,CAL,14.2302872132558,0.18582267548654732
CAL_20120413_HSS3S6.wav,1,CAL,9.01133099357424,0.8658673802510318
CAL_20120413_HVAFM2.wav,0,CAL,14.2295417855908,0.4026570568364889
CAL_20120413_I7FOKS.wav,0,CAL,17.3014641396794,0.6224237691337657
CAL_20120413_I7N3PN.wav,1,CAL,14.0210146333916,0.4871048739437848
CAL_20120413_I82QCL.wav,1,CAL,10.4654901099932,0.8900752854687158
CAL_20120413_I8MKM8.wav,0,CAL,12.5732775675267,0.5030806395116658
CAL_20120413_IDGCWG.wav,1,CAL,15.355170278073,0.7660168766026745
CAL_20120413_II5Q5E.wav,0,CAL,10.0776342333373,0.7742267969337503
CAL_20120413_IU5UGI.wav,0,CAL,11.962089546929,0.35962703704131216
CAL_20120413_J51VDB.wav,1,CAL,14.1774026491812,0.9172375567442731
CAL_20120413_J9VL6C.wav,0,CAL,15.0278716840298,0.1824207620765331
CAL_20120413_JBFAXF.wav,1,CAL,9.37880177703481,0.7406107729631292
CAL_20120413_JMZB7C.wav,0,CAL,11.0961976560893,0.6302094264755209
CAL_20120413_JNMN2G.wav,0,CAL,10.0729077581978,0.49304768454296893
CAL_20120413_JROL6T.wav,1,CAL,15.5415625104854,0.858883344782304
CAL_20120413_JVPGQO.wav,0,CAL,15.4417604769211,0.1702751927651827
CAL_20120413_JXD3M8.wav,1,CAL,10.2600514932055,0.673476519814114
CAL_20120413_JYWXNU.wav,1,CAL,14.1600979621574,0.6380440380454449
CAL_20120413_K13S7E.wav,0,CAL,10.2991863054819,0.4365034030997406
CAL_20120413_K1WJ69.wav,1,CAL,17.8694644002681,0.9236472774736264
CAL_20120413_KDQLGP.wav,0,CAL,15.2161469620015,0.3899277554708658
CAL_20120413_KEPU77.wav,0,CAL,12.870013650237,0.575847593373901
CAL_20120413_KOTKRI.wav,1,CAL,11.9810933970611,0.9499527370215781
CAL_20120413_KPBEAC.wav,0,CAL,9.59111761017818,0.7991007407530736
CAL_20120413_L43IA3.wav,1,CAL,15.442619055151,0.6011004571539543
CAL_20120413_L87VZY.wav,0,CAL,17.2084220831361,0.20333672474792805
CAL_20120413_LBBNHS.wav,1,CAL,9.59073588165409,0.9084681779995464
CAL_20120413_LHZA3T.wav,0,CAL,8.28047980844984,0.6327149336457863
CAL_20120413_LOB1ZM.wav,1,CAL,16.6777456601151,0.593057112564555
CAL_20120413_LZ690K.wav,1,CAL,16.6419171361018,0.8054219314605866
CAL_20120413_M66L0A.wav,0,CAL,17.3893382479296,0.172426639205959
CAL_20120413_MCUINN.wav,1,CAL,11.8975519266656,0.8771118251015462
CAL_20120413_MD52LQ.wav,1,CAL,9.64821466627986,0.7957791517318806
CAL_20120413_MEWFPO.wav,0,CAL,16.202050042986,0.6431981236622274
CAL_20120413_MNE2OS.wav,1,CAL,12.5815341607324,0.8186416586016905
CAL_20120413_MPPX4Q.wav,1,CAL,15.7634774229651,0.9341211674014654
CAL_20120413_MQWS88.wav,1,CAL,13.9550906853112,0.7329793770542681
CAL_20120413_MRZPK0.wav,0,CAL,13.6139283263487,0.30731666960641046
CAL_20120413_N1R5VQ.wav,1,CAL,11.7691981837658,0.9587928418513565
CAL_20120413_N9J1PM.wav,1,CAL,13.4548108093972,0.5170931796049637
CAL_20120413_NFTFG7.wav,1,CAL,9.83272677171834,0.8968120807332337
CAL_20120413_O5BQ3E.wav,1,CAL,14.6194604622417,0.8051066239453998
CAL_20120413_O7AVOU.wav,1,CAL,13.5607082443687,0.5850725719313017
CAL_20120413_OD6R49.wav,0,CAL,16.4794177420157,0.6711270826672032
CAL_20120413_ODJK16.wav,0,CAL,17.3233501802942,0.601225403696387
CAL_20120413_OP0LHK.wav,0,CAL,17.6935979933154,0.48249861446327735
CAL_20120413_P2CUS5.wav,0,CAL,13.2623664599585,0.34637641790823953
CAL_20120413_P6LIES.wav,0,CAL,19.0909528476309,0.5397072451603951
CAL_20120413_PCP13B.wav,1,CAL,8.12447014348317,0.9964819181926937
CAL_20120413_PF71Y3.wav,1,CAL,15.157055422504,0.6427343293750266
CAL_20120413_PQIOXO.wav,0,CAL,17.1790361097358,0.4199353273772057
CAL_20120413_Q0B39Q.wav,0,CAL,19.6218057118489,0.8142479514330601
CAL_20120413_Q0QS3Z.wav,1,CAL,18.1591348694836,0.892096102259326
CAL_20120413_Q5ASC5.wav,1,CAL,13.4106729973693,0.9318082014061096
CAL_20120413_Q7FQWR.wav,0,CAL,11.654637997717,0.5392496735337149
CAL_20120413_Q82JUY.wav,0,CAL,8.85035655138198,0.4964643245940614
CAL_20120413_QAHXXR.wav,1,CAL,9.61921073869555,0.871289137776827
CAL_20120413_QB6WKB.wav,1,CAL,10.0891287432303,0.8541675624566181
CAL_20120413_QDPV68.wav,1,CAL,17.7939767317445,0.9786585526860556
CAL_20120413_QQ21EW.wav,0,CAL,8.67307177057965,0.8290802261708098
CAL_20120413_QXB08Q.wav,1,CAL,14.0343114214047,0.9980098355927531
CAL_20120413_R5J2TA.wav,1,CAL,18.6043277600653,0.9182129451255125
CAL_20120413_R68XUH.wav,1,CAL,13.0727161782307,0.7226828902702191
CAL_20120413_RORZLX.wav,1,CAL,13.6090979443461,0.9605752941178813
CAL_20120413_RU15RL.wav,1,CAL,15.725290443376,0.9742123047131999
CAL_20120413_S7DTZT.wav,1,CAL,10.4098471315029,0.829348752384031
CAL_20120413_S7MW1W.wav,0,CAL,10.2408799142017,0.5041814866958844
CAL_20120413_S95ELA.wav,1,CAL,18.7552865000511,0.6677064730690448
CAL_20120413_SFJVK4.wav,0,CAL,20.2299892476048,0.4115214664058249
CAL_20120413_SMQOTO.wav,1,CAL,14.1553668391977,0.5199878066857896
CAL_20120413_SQRD3R.wav,1,CAL,9.66335655132921,0.9020764233686006
CAL_20120413_SQRVYP.wav,1,CAL,13.3630868155261,0.7510655157569821
CAL_20120413_STCBA1.wav,1,CAL,15.1186103943289,0.9404588519497947
CAL_20120413_T6ZAH4.wav,1,CAL,15.245643005447,0.9999983310727032
CAL_20120413_TCOX8P.wav,0,CAL,21.3060260858786,0.48324140198624216
CAL_20120413_TM98HU.wav,1,CAL,15.658979677173,0.9717161669238095
CAL_20120413_TREDA3.wav,0,CAL,13.8735491185837,0.3097802307009434
CAL_20120413_U3C47G.wav,1,CAL,9.1829264823255,0.9140987133862796
CAL_20120413_U495NA.wav,0,CAL,16.1767199166398,0.40039321490708224
CAL_20120413_U5MDAI.wav,1,CAL,11.5918260495228,0.40140695736540843
CAL_20120413_U67DVM.wav,1,CAL,9.52509921489316,0.923377547011381
CAL_20120413_UA0MBK.wav,0,CAL,12.1915968039287,0.8641020912674133
CAL_20120413_UA7AO2.wav,0,CAL,15.7196898058026,0.25773329884055685
CAL_20120413_UHPI64.wav,1,CAL,18.1569209854283,0.9688075355102473
CAL_20120413_UJIDF3.wav,1,CAL,14.465960899063,0.286957832221042
CAL_20120413_UJL3RQ.wav,1,CAL,14.469719695168,0.3476363538702176
CAL_20120413_UON9BA.wav,1,CAL,15.7962940790219,0.8500312315677432
CAL_20120413_USLM4J.wav,1,CAL,12.1265596505039,0.9632487751402523
CAL_20120413_UWTOWO.wav,0,CAL,21.5549782910783,0.6794803356409175
CAL_20120413_UWYSRL.wav,0,CAL,14.3592740553081,0.2002229202894156
CAL_20120413_UY2190.wav,0,CAL,17.781386852994,0.3372701935012668
CAL_20120413_V5OHA9.wav,1,CAL,14.3713330540729,0.9931857806354983
CAL_20120413_VAEO9S.wav,1,CAL,9.49829389236043,0.7661839580431158
CAL_20120413_VB2LMT.wav,0,CAL,17.3844446471595,0.6677606806998708
CAL_20120413_VHM863.wav,0,CAL,11.7821944821969,0.34923185427020714
CAL_20120413_VNUKGG.wav,1,CAL,18.7585859510178,0.9925854929154904
CAL_20120413_VRS2MU.wav,0,CAL,14.0082852672834,0.36616491690533304
CAL_20120413_VWQFVJ.wav,1,CAL,15.1640319761092,0.763175737278944
CAL_20120413_VWZSK5.wav,1,CAL,14.5742587452329,0.6286651553607974
CAL_20120413_VXB13C.wav,1,CAL,19.768829255147,0.7245197096576004
CAL_20120413_W6D4SM.wav,1,CAL,9.62979839837312,0.8865194660356045
CAL_20120413_WD09OY.wav,0,CAL,16.0705568611872,0.0004019120451152873
CAL_20120413_WDQN8C.wav,0,CAL,15.4216484960945,0.2109848644268002
CAL_20120413_WG9DUF.wav,1,CAL,17.2365586391143,0.7799569681970476
CAL_20120413_WKG3TL.wav,1,CAL,9.60228661817367,0.8849839526858818
CAL_20120413_WKPYJ0.wav,1,CAL,16.3673344576717,0.8014869094970152
CAL_20120413_WMEYW2.wav,1,CAL,8.02203121030148,0.7333346107883387
CAL_20120413_WRIBL2.wav,0,CAL,16.4000481610535,0.5320154686763111
CAL_20120413_WWZNOX.wav,1,CAL,15.4589953045297,0.9546691338660354
CAL_20120413_WZME9X.wav,0,CAL,21.7725489501917,0.544351577168603
CAL_20120413_X9EYWN.wav,1,CAL,17.2187397341286,0.7145588576007237
CAL_20120413_XBQJFS.wav,1,CAL,15.5411433064077,0.9992939453928094
CAL_20120413_XHSED6.wav,1,CAL,14.000024028817,0.52821788625006
CAL_20120413_XI5W8R.wav,1,CAL,10.2434141555888,0.8751836285268948
CAL_20120413_XLT9BZ.wav,0,CAL,12.2133396831731,0.17920702003125127
CAL_20120413_XQIQFM.wav,1,CAL,20.0310192286873,0.9705201003850776
CAL_20120413_XRGTF4.wav,1,CAL,8.98120875913601,0.8714706231398506
CAL_20120413_XRUT3M.wav,1,CAL,20.1920397054193,0.9459144825375508
CAL_20120413_XZ6XNT.wav,0,CAL,13.6736808968289,0.47767088524726264
CAL_20120413_Y0YABW.wav,0,CAL,15.9280676329107,0.2648663409638084
CAL_20120413_Y8CY4M.wav,0,CAL,15.6187986677748,0.2320324850489544
CAL_20120413_YB780C.wav,1,CAL,8.08308712684687,0.9938198789659453
CAL_20120413_YD1J2W.wav,1,CAL,14.9601222780003,0.7659371387699664
CAL_20120413_YDL6I8.wav,0,CAL,17.8543514694207,0.3323189320735147
CAL_20120413_YQB7OO.wav,0,CAL,14.4822959554673,0.2587130462881341
CAL_20120413_YU1KYH.wav,1,CAL,15.71588749159,0.9482953134024076
CAL_20120413_YU2OB2.wav,1,CAL,15.0853337155474,0.9224904647227664
CAL_20120413_YXVD8Z.wav,1,CAL,14.0656767693572,0.47640251982296306
CAL_20120413_Z32NCB.wav,1,CAL,9.48619084348285,0.8647617034827675
CAL_20120413_Z3CD5B.wav,1,CAL,13.7349334312944,0.9915486883872487
CAL_20120413_Z7SZXH.wav,1,CAL,17.1724763891496,0.7813707482815448
CAL_20120413_Z9Y8OV.wav,1,CAL,12.7070906997609,0.37127549020815215
CAL_20120413_ZB4WJ5.wav,0,CAL,10.5435684181382,0.3958835148770799
CAL_20120413_ZLARSB.wav,1,CAL,15.3597273817359,0.6808170816317426
CAL_20120413_ZMWBF9.wav,0,CAL,13.4870753243116,0.5523938788900417
CAL_20120413_ZNVFYM.wav,1,CAL,14.2253189930744,0.9864001176352187
CAL_20120413_ZO3YAR.wav,1,CAL,17.6762537042352,0.8783146040328041
CAL_20120413_ZOAEN5.wav,1,CAL,9.96206571639713,0.9196140412183598
CAL_20120413_ZORA0B.wav,1,CAL,15.579486097385,0.9810051049157985
CAL_20120413_ZSY14G.wav,1,CAL,8.96762513894868,0.9603329295612314
CAL_20120413_ZVPWW6.wav,1,CAL,18.3764183641754,0.5262155154279395
CS_20190209_1FAGV6.wav,0,CS,8.30143208072891,0.14092600128254204
CS_20190209_5PSUMX.wav,0,CS,12.1184964628332,0.10337552916543358
CS_20190209_78UJNR.wav,0,CS,8.40147849175803,0.09061154990948349
CS_20190209_G3ZEOM.wav,0,CS,9.11226239495855,0.06959232078132838
CS_20190209_G4E2OY.wav,0,CS,9.13094655594258,0.12322135730191273
CS_20190209_H7GX8H.wav,0,CS,9.50539785792028,0.11544566003490472
CS_20190209_HKNJ68.wav,0,CS,8.78059224451607,0.06580554220716144
CS_20190209_MSE1OG.wav,0,CS,9.0994227670912,0.33084755156081036
CS_20190209_Q3LT5Q.wav,0,CS,10.8702056839032,0.05466462508766831
CS_20190209_QH2DC8.wav,0,CS,9.05818819920982,0.12996827742885345
CS_20190209_SQDEAT.wav,0,CS,14.9692574648137,0.22637797713979071
CS_20190209_SSVT34.wav,0,CS,14.8118551775424,0.9608045802294475
CS_20190209_UZW1Z9.wav,0,CS,10.5386700833094,0.16967238537154625
CS_20190209_W4P3VI.wav,0,CS,12.7060624343035,0.12912542209158615
CS_20190209_WNPPUT.wav,0,CS,9.89408425204225,0.10677085082738089
CS_20190209_X28P0C.wav,0,CS,8.95589176490887,0.09085814287876691
CS_20190209_Y4PIZ6.wav,0,CS,10.954906862759,0.2978900793797759
CS_20190209_ZMYKR2.wav,0,CS,8.68645198591868,0.0330991568128466
CS_20190210_08751D.wav,1,CS,19.4123536564271,0.9968147731936948
CS_20190210_0V84EN.wav,1,CS,25.6687562244301,0.9695832081761983
CS_20190210_2NV20Y.wav,1,CS,15.0725013340968,0.48414840808627413
CS_20190210_72DR68.wav,0,CS,10.1598465429043,0.2333326969640402
CS_20190210_8UZXRU.wav,1,CS,16.0041269374058,0.9332593293664104
CS_20190210_B00UM9.wav,1,CS,41.660153025828,0.9922939551166072
CS_20190210_BKPJJ7.wav,1,CS,18.8139308813249,0.7974200720462171
CS_20190210_DS5FRA.wav,1,CS,26.7218325519721,0.9434617443263438
CS_20190210_G4R6MJ.wav,1,CS,17.9930833592076,0.919058183486088
CS_20190210_GI7LFH.wav,1,CS,27.5436239989589,0.9959619448481465
CS_20190210_I12Q1S.wav,1,CS,27.5951382181903,0.9130036314949215
CS_20190210_JGEFX8.wav,1,CS,11.8658101138738,0.8906993233716947
CS_20190210_KDXMR2.wav,1,CS,26.7333376558327,0.6127011033615666
CS_20190210_KHEKKT.wav,1,CS,10.2875149567997,0.18525484196341682
CS_20190210_OUAE7F.wav,0,CS,9.50371485538184,0.1652938910677786
CS_20190210_P4EMCU.wav,1,CS,33.3140740662084,0.6004039989616627
CS_20190210_P9B601.wav,1,CS,11.7450444564115,0.08785916120955453
CS_20190210_Q84L4A.wav,1,CS,32.2526596998125,0.9995681720769726
CS_20190210_R2XC1I.wav,1,CS,10.2710153499628,0.7139618744421664
CS_20190210_R3GHO9.wav,1,CS,38.8325693768565,0.9780999843203204
CS_20190210_RWVJ4W.wav,0,CS,18.8375325553229,0.07792154932724331
CS_20190210_SFIQ8H.wav,1,CS,10.3683555944454,0.4268570833409725
CS_20190210_TIDOYP.wav,1,CS,13.6502653817503,0.9073560177253976
CS_20190210_VXCUDF.wav,1,CS,48.5417370473392,0.8802761162601914
CS_20190211_066PSL.wav,1,CS,11.7461279413116,0.6855116453500192
CS_20190211_4TG1A0.wav,1,CS,19.2727783737707,0.9986655661972831
CS_20190211_5Q51O1.wav,1,CS,14.9488401159699,0.9966373650459942
CS_20190211_5SLWXI.wav,1,CS,29.9398483986536,0.9743025985378462
CS_20190211_65L1NP.wav,0,CS,9.36690526837751,0.0868490705215672
CS_20190211_9LUCUK.wav,1,CS,10.3879453635579,0.998264706597251
CS_20190211_AMYDQ6.wav,0,CS,9.74480742177263,0.1708191837643366
CS_20190211_BMCQ4C.wav,0,CS,8.70544042066477,0.1652925708670403
CS_20190211_ES0EGY.wav,0,CS,11.2667162676704,0.07903424942947679
CS_20190211_I29R9M.wav,0,CS,10.148442859738,0.14015566473529587
CS_20190211_JDFOH2.wav,0,CS,12.4413211712364,0.13769002766648733
CS_20190211_K9COJY.wav,0,CS,8.27974024971994,0.23413180862600386
CS_20190211_M3ZW8L.wav,0,CS,9.40840913618522,0.1068186936574875
CS_20190211_MVO0KO.wav,0,CS,8.46478102424464,0.32360071740135865
CS_20190211_NMQTWM.wav,0,CS,10.1434297083104,0.3135551848179419
CS_20190211_P9W1J9.wav,0,CS,9.01619029470595,0.09556227388843963
CS_20190211_PA1F5V.wav,0,CS,8.41053515170093,0.2517936780728921
CS_20190211_Q64KW5.wav,1,CS,14.4368075860282,0.8736419730614589
CS_20190211_QBS0VY.wav,0,CS,13.093827928899,0.14980877110064866
CS_20190211_TTY10T.wav,0,CS,8.43035334057847,0.14960774685732187
CS_20190211_VVRJIS.wav,1,CS,10.5844447468473,0.3711197737355558
CS_20190211_X8ORL7.wav,1,CS,8.40077913754843,0.6865202927840419
CS_20190211_Y42U9T.wav,0,CS,11.5874924859691,0.8454612307465061
CS_20190211_YOCTBM.wav,1,CS,19.2694626318185,0.9987944610185499
CS_20190211_Z68BEJ.wav,0,CS,10.3510288368808,0.2545017562599163
CS_20190212_0ZU0UG.wav,0,CS,8.2441103577889,0.3551907813406009
CS_20190212_1KXIHT.wav,1,CS,10.9364285185934,0.7788531235425249
CS_20190212_5O2KM4.wav,1,CS,10.5073598971822,0.08023612957718256
CS_20190212_6534NB.wav,0,CS,11.3752408526874,0.17196282713562755
CS_20190212_6GA38B.wav,0,CS,13.3659979633314,0.23115620191683042
CS_20190212_8C3S61.wav,0,CS,9.64789852422731,0.15887288381545975
CS_20190212_B8FQEW.wav,1,CS,12.9378744676979,0.9201115239207468
CS_20190212_JAV1K5.wav,0,CS,16.2016177073976,0.11587211043854186
CS_20190212_L8A3AH.wav,1,CS,10.5248995973547,0.3964978302731172
CS_20190212_N6XPX9.wav,0,CS,11.7455179363709,0.07935103437737297
CS_20190212_O42MLY.wav,1,CS,27.3096554591411,0.992544740354246
CS_20190212_ON6554.wav,1,CS,9.20767085671103,0.17994168346788955
CS_20190212_QC6O2N.wav,1,CS,10.5533586878904,0.3254231553006758
CS_20190212_RCDOSI.wav,1,CS,9.62558833519775,0.23504377552835243
CS_20190212_SFDY9D.wav,0,CS,11.5569684020942,0.28231339739608036
CS_20190212_VPP6HH.wav,0,CS,8.50812800980899,0.18475011411271847
CS_20190212_W74S74.wav,1,CS,14.5862513303343,0.17622503291847477
CS_20190213_0PE0TZ.wav,1,CS,21.5585000042088,0.9998580418976274
CS_20190213_0Y8DRL.wav,1,CS,24.1471529063349,0.9996167698343191
CS_20190213_24CDJY.wav,1,CS,25.0266109558497,0.999818953880008
CS_20190213_49D1EG.wav,0,CS,12.25498368514,0.08080333361197757
CS_20190213_814Y0B.wav,1,CS,27.6581662809866,0.9924200364768504
CS_20190213_FROGWT.wav,0,CS,8.69042576066493,0.15863919555346684
CS_20190213_K5ETW3.wav,1,CS,24.327215433815,0.9999264532796961
CS_20190213_K64A5X.wav,1,CS,12.653395354968,0.0530083827935507
CS_20190213_KQHMLB.wav,1,CS,13.5850033645483,0.11474030918060373
CS_20190213_VITBB4.wav,0,CS,9.99738238910028,0.08041988996212722
CS_20190213_W5LPBU.wav,1,CS,32.2034107931283,0.9993153732537357
CS_20190213_Y7NKV7.wav,1,CS,18.9918623267893,0.999591517476918
CS_20190213_ZH17GW.wav,1,CS,13.0574129917632,0.31119805549955654
CS_20190214_0J827U.wav,1,CS,13.3052941478135,0.49139755718215905
CS_20190214_10ECVH.wav,0,CS,12.3264473957572,0.19856054932478473
CS_20190214_2HYJMJ.wav,1,CS,25.7675239663821,0.9999718673999347
CS_20190214_3NC7JG.wav,0,CS,13.6111541687135,0.6804751604579596
CS_20190214_4SZ45W.wav,1,CS,25.2442546937731,0.9999947548186582
CS_20190214_60A24H.wav,0,CS,18.0649886688306,0.1889736692654812
CS_20190214_7ELWL6.wav,0,CS,14.8155864183104,0.47837621507297917
CS_20190214_7HZPNO.wav,0,CS,14.6273174466964,0.12105959085157507
CS_20190214_840YGN.wav,0,CS,11.7830935615831,0.16357281346004876
CS_20190214_8JIIFJ.wav,0,CS,13.9200707778685,0.2083866127385439
CS_20190214_8ZH766.wav,0,CS,13.4210138647529,0.41331186525767577
CS_20190214_AE3AC8.wav,0,CS,13.8899125579075,0.07950324918350933
CS_20190214_HJTW2U.wav,1,CS,27.1463840645439,0.9997083799476653
CS_20190214_IH5ZH3.wav,0,CS,9.62867826382675,0.3378068036836907
CS_20190214_IIS13X.wav,1,CS,16.5090983444171,0.999742335924553
CS_20190214_L4VMLL.wav,0,CS,15.6137106065133,0.22669961293391303
CS_20190214_LQ3X8J.wav,0,CS,15.5473391252149,0.05371356672471516
CS_20190214_PGQEQY.wav,0,CS,28.2104978192243,0.1099948597497458
CS_20190214_QCVDXS.wav,0,CS,14.5013529152524,0.31435929529912066
CS_20190214_S87YI6.wav,0,CS,14.5155122176865,0.17027555813650033
CS_20190214_TH3FWC.wav,0,CS,27.4330656799641,0.2563599734051343
CS_20190214_TX9ZH2.wav,0,CS,11.1720756685423,0.24048674315847834
CS_20190214_XIXT6Y.wav,0,CS,13.3825223465716,0.3339438393147999
CS_20190214_Y5NZC1.wav,0,CS,30.4376464888686,0.38356248881817107
CS_20190214_ZJ2V7L.wav,1,CS,31.6062694761075,0.9997724812404242
CS_20190215_0D0Z86.wav,0,CS,11.6921668188857,0.3307120236980019
CS_20190215_0JV9TT.wav,1,CS,8.82056364641709,0.5006519919463508
CS_20190215_0VOKTI.wav,0,CS,10.427281411538,0.3298772519588561
CS_20190215_21691J.wav,0,CS,14.8915466967357,0.5710278605792378
CS_20190215_38QGI6.wav,0,CS,11.7137461655849,0.13014952183682416
CS_20190215_418GJ7.wav,0,CS,11.2419665106328,0.4985616956994568
CS_20190215_5CNMLM.wav,0,CS,13.2217978016275,0.6659279071407231
CS_20190215_5ICTNE.wav,0,CS,11.2197472072611,0.144426825183932
CS_20190215_6FT5S5.wav,0,CS,12.3130548401534,0.7198760792393816
CS_20190215_B6GGOF.wav,0,CS,11.3926502693403,0.12955665058067128
CS_20190215_B7KRI0.wav,0,CS,10.2874987789163,0.4396408250664477
CS_20190215_EBUZ5H.wav,0,CS,11.6466870000942,0.0781818327952913
CS_20190215_F5IPIG.wav,0,CS,10.8684360167561,0.4328515537765718
CS_20190215_I9537F.wav,0,CS,11.5546675926377,0.061003881874847184
CS_20190215_M6DM7S.wav,0,CS,10.4620384604663,0.14282775982975826
CS_20190215_OUPRR0.wav,0,CS,13.87890400634,0.8007930181880034
CS_20190215_RN1UM4.wav,0,CS,21.936658685512,0.38445840206370274
CS_20190215_TDGE8P.wav,0,CS,12.3583376931603,0.5020397063934087
CS_20190215_VHZG0S.wav,0,CS,10.3055292573767,0.18003476075677027
CS_20190215_WJO42B.wav,0,CS,8.29919239821232,0.7491549667421469
CS_20190215_ZF4QHV.wav,0,CS,11.6657611641326,0.37251171958295015
CS_20190215_ZJBMP5.wav,1,CS,13.4347846413871,0.4419369280653934
CS_20190216_0B9SUP.wav,1,CS,16.1395858022146,0.8092981840957789
CS_20190216_15ILC5.wav,1,CS,25.3643849199783,0.9997202940670765
CS_20190216_1HPBKX.wav,1,CS,30.626116727328,0.9993066829624819
CS_20190216_1KW34G.wav,0,CS,11.3232263013024,0.4029153581337851
CS_20190216_5F6EHD.wav,1,CS,23.6806292847359,0.9939854493685375
CS_20190216_6R9HRX.wav,1,CS,11.4637510996859,0.4185819829359408
CS_20190216_6ZXV8Y.wav,0,CS,11.6665463184197,0.1440132286956686
CS_20190216_758HW0.wav,0,CS,13.7646535207497,0.1764621587278055
CS_20190216_7IKFRR.wav,0,CS,11.5715033478713,0.2294125119152941
CS_20190216_AW8JGI.wav,1,CS,13.2000549636974,0.6598875924768615
CS_20190216_DFP7TV.wav,1,CS,28.3115019327111,0.9997839202624583
CS_20190216_DSFN6C.wav,0,CS,11.2847914518922,0.32482527723237375
CS_20190216_E9CC2A.wav,0,CS,8.78375817275699,0.025568900298902533
CS_20190216_EN2XYC.wav,1,CS,18.1879100189144,0.4608510015573228
CS_20190216_FGUTDK.wav,0,CS,11.9401509547906,0.1031578084627717
CS_20190216_FH7TNF.wav,0,CS,9.22185892271746,0.13047552791801997
CS_20190216_I1VEB3.wav,1,CS,18.9675204436045,0.998552275535864
CS_20190216_J8TD25.wav,1,CS,19.9720382992716,0.7313973178224927
CS_20190216_LNEAOP.wav,0,CS,12.4620542353001,0.10024338408507967
CS_20190216_NDIGFQ.wav,0,CS,11.2439292460681,0.06166009788887056
CS_20190216_OGRVLZ.wav,0,CS,13.713024359332,0.6111726130180716
CS_20190216_OMQG1U.wav,1,CS,16.8802427620487,0.6295064627740387
CS_20190216_Q1QE8W.wav,1,CS,26.540807857768,0.9996794298020827
CS_20190216_VRK5YX.wav,0,CS,11.7016841953936,0.29690096087966755
CS_20190216_WISD9C.wav,0,CS,11.4469890342775,0.08314927709780877
CS_20190216_YHHYLV.wav,0,CS,9.92229641645999,0.18977400124127025
CS_20190217_073UYT.wav,0,CS,19.0080031021547,0.46161667213341706
CS_20190217_1494GQ.wav,1,CS,21.584369603737,0.9999884368330701
CS_20190217_1WXWG1.wav,0,CS,10.5733834601431,0.1673973041502937
CS_20190217_1XNX1M.wav,0,CS,19.5774842215846,0.4943351433502991
CS_20190217_5TRQQL.wav,1,CS,13.614067145318,0.8665829606588411
CS_20190217_6Q6F56.wav,1,CS,27.8257206212258,0.9871906351642479
CS_20190217_91WQDJ.wav,1,CS,28.0242882470373,0.9999980926550052
CS_20190217_FDLDE8.wav,1,CS,26.203064539841,0.9998137105948935
CS_20190217_H8ILF6.wav,0,CS,8.37781675292328,0.0480326005524862
CS_20190217_JMC1IV.wav,0,CS,11.4916799960822,0.07640240500928665
CS_20190217_KJWYCU.wav,1,CS,11.0573517119589,0.9784526238352229
CS_20190217_NUCLTH.wav,1,CS,20.1594812988114,0.9999444515564443
CS_20190217_PWSD3Q.wav,0,CS,11.7382021734452,0.1767824265191912
CS_20190217_Q1BIT2.wav,1,CS,10.9652831855897,0.11404900199095284
CS_20190217_QXTIE6.wav,1,CS,9.66037293332224,0.20506902670993363
CS_20190217_TEAMRA.wav,1,CS,11.8807770660817,0.7822289135600152
CS_20190217_UEHDO5.wav,1,CS,21.0077762388526,0.9946453353095585
CS_20190217_Z918GX.wav,0,CS,12.3485438156232,0.01786282620362446
CS_20190218_2GNIFE.wav,1,CS,24.9832579068941,0.9999866487378297
CS_20190218_356RX9.wav,1,CS,11.9976286908065,0.8963515310309951
CS_20190218_3YIC22.wav,0,CS,10.9243082890223,0.48299706665576553
CS_20190218_4FUKEL.wav,1,CS,27.4851230239307,0.9994905207678149
CS_20190218_57FC6G.wav,1,CS,10.6932916814863,0.24778849274542372
CS_20190218_6OF5F7.wav,1,CS,19.3175470854812,0.9994558674069822
CS_20190218_CQKBRA.wav,1,CS,26.766487952464,0.999724821483066
CS_20190218_CXXTY3.wav,0,CS,10.1229109828945,0.20646550288198073
CS_20190218_DHAUZ5.wav,0,CS,9.05420411356082,0.05245953666852917
CS_20190218_FIX0R0.wav,1,CS,25.5491787448355,0.9988024289095164
CS_20190218_HY6EIO.wav,1,CS,34.8550215843125,0.9999829533624089
CS_20190218_K5QTG2.wav,0,CS,9.78558042330394,0.2387930520113924
CS_20190218_LFBQAI.wav,0,CS,8.25280481811712,0.23856053827184892
CS_20190218_MWQK8P.wav,1,CS,21.9993703388828,0.9998917696795575
CS_20190218_N0GP3W.wav,0,CS,28.5195239261265,0.355841157009773
CS_20190218_PH7NC6.wav,1,CS,23.3944140914578,0.9997975044256987
CS_20190218_R3IBY2.wav,1,CS,27.065746501878,0.9999327704835214
CS_20190218_T6WRY8.wav,1,CS,25.4769775052641,0.9971453612991649
CS_20190218_TB4RNF.wav,1,CS,16.7579778516012,0.940552171828852
CS_20190218_VWGUC9.wav,1,CS,9.0009916462062,0.04677124684330631
CS_20190219_02Q2TA.wav,1,CS,24.0204984950913,0.9771084553753696
CS_20190219_4PZHWN.wav,0,CS,12.7246625514858,0.20830869914560052
CS_20190219_6ILDG2.wav,0,CS,11.2424890697486,0.2551847518902674
CS_20190219_7KWPUK.wav,1,CS,19.554373016888,0.9982318012254708
CS_20190219_9BK1QM.wav,0,CS,8.81590051800025,0.3055037695811194
CS_20190219_B6LRWB.wav,1,CS,11.0903367927582,0.28786317060491523
CS_20190219_CONAD8.wav,0,CS,19.1410290602415,0.059262263738281334
CS_20190219_DBT2P1.wav,1,CS,13.0573387369289,0.6307771336619727
CS_20190219_DRJH3C.wav,1,CS,14.5821954340396,0.6387812262981799
CS_20190219_EEE8JB.wav,1,CS,27.3348642696982,0.9990016661489227
CS_20190219_HI1UUU.wav,0,CS,11.3595748846309,0.12639707351947008
CS_20190219_K0U03P.wav,0,CS,8.50391322843597,0.27310586115923247
CS_20190219_KC84WP.wav,0,CS,12.729063533063,0.3420396779452491
CS_20190219_LP8N80.wav,0,CS,8.87307636835638,0.19772181841826067
CS_20190219_N1C3GF.wav,1,CS,12.8591100840298,0.37353225233856907
CS_20190219_N1J43J.wav,0,CS,11.3982809453324,0.12660140590995095
CS_20190219_N2V4K1.wav,0,CS,11.1607426567281,0.1250028007354351
CS_20190219_OYNE6M.wav,1,CS,20.7610974173865,0.9999678145263777
CS_20190219_P0VVY9.wav,0,CS,9.19021839285355,0.20543232431954694
CS_20190219_QAV7PN.wav,1,CS,8.8513456644919,0.7746933272794876
CS_20190219_SCZJGN.wav,0,CS,12.9996502318813,0.08842616086829848
CS_20190219_V8570V.wav,1,CS,36.4365972484411,0.9999426636198856
CS_20190219_X1CADY.wav,1,CS,18.4737590656966,0.6763081144843786
CS_20190219_X6BUZI.wav,1,CS,42.7165766972456,0.9994464602194297
CS_20190219_YJCL9H.wav,1,CS,12.45976622811,0.35626934306036323
CS_20190220_095AKE.wav,0,CS,8.42793930574052,0.18985217919611508
CS_20190220_0WGDC3.wav,0,CS,16.1338873813343,0.15664499124476597
CS_20190220_405EHJ.wav,1,CS,22.857894066178,0.9985483530283182
CS_20190220_6XFYMJ.wav,1,CS,35.6547403062797,0.9995549514655627
CS_20190220_85105V.wav,1,CS,9.32512425866926,0.5870173186845202
CS_20190220_8XMH7K.wav,0,CS,10.5831414325522,0.11710689810912496
CS_20190220_AAUFXK.wav,1,CS,13.5475779893129,0.8550489278661888
CS_20190220_CMEGNV.wav,1,CS,11.8373104018851,0.49033108177461865
CS_20190220_EQBACP.wav,1,CS,22.512806305237,0.9992904932132508
CS_20190220_FRA51B.wav,1,CS,8.21235838682984,0.6556135384438191
CS_20190220_INKI4X.wav,1,CS,8.53780572795188,0.7367228697255191
CS_20190220_LO2XPI.wav,1,CS,27.9285258662215,0.9973694326939905
CS_20190220_NOUPF3.wav,1,CS,28.4427638824267,0.9998259847282137
CS_20190220_NSYR2Y.wav,1,CS,11.468035344841,0.607682326679209
CS_20190220_O82CIU.wav,1,CS,21.5472726093967,0.9952533130286113
CS_20190220_P6TTX2.wav,1,CS,11.2274230422125,0.9698230913059819
CS_20190220_RQKFJM.wav,1,CS,8.64756313417618,0.9585303411237371
CS_20190220_SIZOFZ.wav,1,CS,14.3886561035097,0.9729995947332707
CS_20190220_STPJEZ.wav,1,CS,16.933020833412,0.9987114602949471
CS_20190220_V1OJWP.wav,1,CS,29.4290296951591,0.9995535222317562
CS_20190220_VMCHC7.wav,1,CS,22.9584495539979,0.9984335441771136
CS_20190221_4HVMP0.wav,0,CS,12.3767582659528,0.0685531134203808
CS_20190221_6VNQMV.wav,0,CS,9.05816128160719,0.12411361720116536
CS_20190221_87V1ND.wav,0,CS,11.2353374469247,0.05014680506570228
CS_20190221_QU1HU0.wav,0,CS,10.0100045045871,0.1465724031643515
CS_20190226_3BKRGA.wav,1,CS,19.6220274981096,0.9888402821192913
CS_20190226_64FQY2.wav,1,CS,12.4510238828947,0.6796699839638303
CS_20190226_7BBFOA.wav,1,CS,25.0934461219094,0.9777519283767706
CS_20190226_C4V6A5.wav,1,CS,20.5651486797856,0.9789028363289319
CS_20190226_EKILIC.wav,1,CS,34.3284520691397,0.999799649338783
CS_20190226_H8VU7Z.wav,1,CS,27.5842896249721,0.9999847414437658
CS_20190226_QJ8DX2.wav,1,CS,12.5054995631801,0.3400728567201402
CS_20190226_RJZWMA.wav,1,CS,10.0012808634278,0.7114338224973611
CS_20190226_WC1ZCT.wav,1,CS,32.3442832102703,0.996930039212987
CS_20190226_Z0A65O.wav,1,CS,20.9719115149722,0.9995921130473331
CS_20190227_0D4PQJ.wav,0,CS,11.8245392976096,0.31012341424617895
CS_20190227_0YF5EA.wav,0,CS,11.5213728977564,0.07273064749711187
CS_20190227_2DKHT6.wav,1,CS,25.9678228144474,0.9998067990774478
CS_20190227_3Q3V2X.wav,1,CS,24.2007617377406,0.9998988015563536
CS_20190227_4R63FI.wav,0,CS,10.9515991330076,0.14817917288199348
CS_20190227_4WVSG1.wav,1,CS,34.615122568716,0.9997790348116907
CS_20190227_597GH6.wav,0,CS,11.5388985657851,0.541581379727002
CS_20190227_63UQPT.wav,0,CS,15.0561901544516,0.2746133798994045
CS_20190227_7DZBA3.wav,1,CS,32.1426841132008,0.9986897017106035
CS_20190227_7PPAJQ.wav,1,CS,12.3572309707246,0.7606452366182388
CS_20190227_EQHVK1.wav,1,CS,10.4973537944208,0.4820903784522927
CS_20190227_HRGSJA.wav,0,CS,11.7598238986764,0.6367131474645173
CS_20190227_JGH0S9.wav,0,CS,11.9773050241397,0.42002191540505524
CS_20190227_QU4EVN.wav,1,CS,33.1863484316059,0.9946826043438225
CS_20190227_RFSLKB.wav,1,CS,26.0440771353045,0.9999372998439418
CS_20190227_RMXXF7.wav,1,CS,25.8443980526914,0.9991202947271238
CS_20190227_S0Z05W.wav,0,CS,12.5046935050225,0.10097814116826792
CS_20190227_TARJDU.wav,1,CS,13.1654569466509,0.5786614997513448
CS_20190227_TPQ33A.wav,0,CS,11.6009995211816,0.3580230523134167
CS_20190227_V8X0YU.wav,1,CS,17.0029258803343,0.7763493024298154
CS_20190228_3CJ54Z.wav,0,CS,13.9056550332658,0.14476962622646247
CS_20190228_3L5P58.wav,0,CS,9.83701565766708,0.046581528129936135
CS_20190228_48SWM9.wav,0,CS,10.9359303092878,0.08576100829919524
CS_20190228_4MXO46.wav,0,CS,10.8953680703229,0.11710136998847911
CS_20190228_75CB54.wav,0,CS,11.5693783801907,0.08125198529659922
CS_20190228_96O67U.wav,0,CS,10.2107908086271,0.1139565886887863
CS_20190228_AAT372.wav,0,CS,10.6881843950503,0.0992507975388202
CS_20190228_BRYLI6.wav,0,CS,9.59578483961174,0.07923197343239503
CS_20190228_DK8R73.wav,0,CS,14.2664783379657,0.25956033762118985
CS_20190228_E5NLAT.wav,0,CS,10.0319582128476,0.22199135921209698
CS_20190228_F99VET.wav,0,CS,10.8202721801018,0.19522619461379861
CS_20190228_FUW5F0.wav,0,CS,14.4878302227514,0.21760230646905132
CS_20190228_I47M8G.wav,0,CS,8.81514456967051,0.03252860776750038
CS_20190228_L0T7RG.wav,0,CS,10.5697398095635,0.2445891077336617
CS_20190228_NPQ44E.wav,0,CS,9.63807976019945,0.16520510643593517
CS_20190228_PZLY8D.wav,0,CS,11.0501140648596,0.08843303401071992
CS_20190228_TFV1RM.wav,0,CS,12.6031326222261,0.07659296043297277
CS_20190228_WIWSN6.wav,0,CS,14.081256061113,0.0599090001847058
CS_20190228_WSOH6O.wav,0,CS,9.91532937338507,0.7270333958373446
CS_20190301_1ENE38.wav,0,CS,8.01869168103059,0.0771643370153782
CS_20190301_2QGCWL.wav,0,CS,9.94444097556488,0.06845882247472554
CS_20190301_3KKQZ1.wav,0,CS,9.47027818207139,0.08339518418971686
CS_20190301_5FNIU8.wav,1,CS,21.1653856626492,0.9970884701804368
CS_20190301_65RC9B.wav,0,CS,14.3352084977326,0.14627889243607042
CS_20190301_8OLSMU.wav,0,CS,9.82448609814017,0.049263905207077796
CS_20190301_8OWRJF.wav,0,CS,11.5210042010897,0.21913916673639502
CS_20190301_BDB0IB.wav,0,CS,16.4986028443931,0.1910258513342297
CS_20190301_CEFXTC.wav,0,CS,10.6769360087977,0.08445727813807913
CS_20190301_MOVMNE.wav,1,CS,9.15182936747068,0.058223288503735544
CS_20190301_NGL16I.wav,1,CS,8.89122369854106,0.11795926972484883
CS_20190301_PW6SFV.wav,1,CS,12.2944575596054,0.22044261603557047
CS_20190301_RX0FMJ.wav,0,CS,11.0949630786681,0.15182819210701587
CS_20190301_TWBRC2.wav,0,CS,11.4362436398545,0.1761456838449795
CS_20190301_UMM0NO.wav,0,CS,11.1949464740808,0.08229369023229728
CS_20190301_VC02O5.wav,0,CS,15.2439392455825,0.19545377199504038
CS_20190301_WJBQQC.wav,0,CS,8.9752260898667,0.07414624864262001
CS_20190301_WZBBOG.wav,0,CS,21.4893634634832,0.2541328895390895
CS_20190301_XDZJ8U.wav,1,CS,10.6628237312523,0.3284341829263294
CS_20190301_ZWS1PY.wav,0,CS,10.103441507727,0.17732541118917497
CS_20190302_1EUSFS.wav,0,CS,9.07060901737608,0.1634339392288988
CS_20190302_1FBVQF.wav,1,CS,26.396622004614,0.9998556583877783
CS_20190302_2SOKK4.wav,1,CS,40.138531755632,0.9999846222381212
CS_20190302_2XYXFH.wav,1,CS,15.8697381335141,0.7611416908574479
CS_20190302_65C1GN.wav,1,CS,39.4126106542446,0.9999346775747843
CS_20190302_6EZFZZ.wav,1,CS,9.45769391380857,0.5278188483786664
CS_20190302_6NEA91.wav,0,CS,11.009466782448,0.35385604913296753
CS_20190302_7KOXDK.wav,1,CS,20.1648937654171,0.9821757618699399
CS_20190302_81ONQU.wav,0,CS,12.3417788594839,0.5105212946610436
CS_20190302_8E22UK.wav,0,CS,10.9346840216988,0.06389543532994765
CS_20190302_8Z6ONO.wav,1,CS,21.4135926790931,0.9999184674950152
CS_20190302_9HMBLQ.wav,0,CS,16.3327373055461,0.6369996285516804
CS_20190302_9YDABG.wav,1,CS,13.8979874773844,0.9692488020273389
CS_20190302_AQQP56.wav,1,CS,12.6755892881009,0.1523362559338378
CS_20190302_BN0E6B.wav,1,CS,21.1378263556267,0.9999510073827051
CS_20190302_ESSFTC.wav,1,CS,32.5333465271425,0.9941199717618528
CS_20190302_F6JM3F.wav,0,CS,12.7231490277297,0.044066505740039064
CS_20190302_GPQEMC.wav,0,CS,9.5225196935049,0.14430399957496315
CS_20190302_H64NQ4.wav,0,CS,13.2341763628522,0.5596741573229493
CS_20190302_HZUDZ8.wav,0,CS,9.04574427340405,0.254148188975216
CS_20190302_I7C01B.wav,1,CS,10.2641696349719,0.6159332773965387
CS_20190302_IINLUW.wav,1,CS,16.0142352887076,0.1334488032857971
CS_20190302_IMS9JP.wav,1,CS,29.1009171012478,0.9975452034291376
CS_20190302_KEOPSZ.wav,1,CS,26.4018847869526,0.9999957084838798
CS_20190302_KPSZCG.wav,0,CS,11.8621612134221,0.05938439526936139
CS_20190302_LQ3ENJ.wav,1,CS,11.0410481507546,0.671788966731478
CS_20190302_M5RZMJ.wav,0,CS,12.0954647765754,0.12036214521152404
CS_20190302_MIYE8T.wav,1,CS,9.6191176891061,0.22172024825291906
CS_20190302_MN7N98.wav,1,CS,13.1926532346257,0.4765094136157836
CS_20190302_NSAVDA.wav,1,CS,11.6058456204838,0.49435980589479833
CS_20190302_OX0BYE.wav,1,CS,10.5091680473687,0.22193740683111163
CS_20190302_OYYKMK.wav,0,CS,10.065135073982,0.11825990059241812
CS_20190302_PJWS71.wav,1,CS,19.9130678258596,0.999114701778313
CS_20190302_Q9G5N9.wav,0,CS,9.24782122342991,0.15288492597002162
CS_20190302_R6JFSD.wav,1,CS,18.9775357634013,0.7013233580456933
CS_20190302_WFAWXN.wav,1,CS,11.8401732130875,0.15691253115388323
CS_20190302_WYVBB8.wav,0,CS,11.156243701276,0.1067665233688075
CS_20190302_X2EQ6A.wav,0,CS,9.51051409727569,0.7589461916795988
CS_20190302_YX8G4J.wav,0,CS,10.3968601923919,0.1848862280674277
CS_20190303_0PSLZE.wav,0,CS,12.7726222202866,0.0845794117744674
CS_20190303_2BWGWW.wav,0,CS,10.0939834593979,0.03497959495218516
CS_20190303_3GQ4GQ.wav,0,CS,10.718392389383,0.04186905635532394
CS_20190303_3S7GJV.wav,1,CS,12.0808093915403,0.6663362288773513
CS_20190303_55NPZR.wav,0,CS,9.87136568452387,0.15129983484469248
CS_20190303_5TPZ02.wav,0,CS,13.5744217330128,0.04586536241487135
CS_20190303_6J44NL.wav,0,CS,11.4972033860277,0.02499493918334638
CS_20190303_6L1CJ9.wav,1,CS,15.4404160994045,0.4426125237346241
CS_20190303_97NWJV.wav,0,CS,12.2641975595434,0.04028732720704226
CS_20190303_9RO89O.wav,0,CS,12.0198943056663,0.2370462300280079
CS_20190303_C8FDAZ.wav,0,CS,12.6710685448214,0.22982794976777957
CS_20190303_DDBPW9.wav,1,CS,13.8234249163416,0.1403739388939387
CS_20190303_DLEFXA.wav,0,CS,9.33332234857449,0.08031551917134766
CS_20190303_E1KXTW.wav,0,CS,12.8837106484207,0.08501470723203082
CS_20190303_H5MHVL.wav,0,CS,11.6217176319392,0.11745690050382775
CS_20190303_HJE76H.wav,0,CS,14.3565602347405,0.3433284886036701
CS_20190303_IIKULH.wav,1,CS,13.0581162817754,0.589800444307917
CS_20190303_OSWSEH.wav,0,CS,10.8277873258326,0.15511994486863662
CS_20190303_PACDXT.wav,0,CS,12.0902254450784,0.10818751029453832
CS_20190303_PTKC5J.wav,0,CS,14.1118319412349,0.05355559031099415
CS_20190303_RXMW3M.wav,0,CS,23.1786052852369,0.5063548584114049
CS_20190303_SYHUTF.wav,1,CS,14.054968362299,0.27802597317551175
CS_20190303_VV10F2.wav,0,CS,9.15702290129913,0.06882572183050334
CS_20190303_Y7W5FF.wav,1,CS,9.65094361216895,0.9478307179394162
CS_20190304_3AIQOF.wav,0,CS,8.07798648376289,0.1036938861735878
CS_20190304_60L8LH.wav,0,CS,8.30926983929015,0.15007758743692798
CS_20190304_ARYJGA.wav,0,CS,8.88269360743127,0.08300041083533205
CS_20190304_LPMBMN.wav,0,CS,9.00519805175931,0.18281719140790273
CS_20190304_MD8E8J.wav,0,CS,13.9317137251253,0.24186364992770887
CS_20190304_RLKYTK.wav,1,CS,10.9322159210752,0.08280814781301273
CS_20190304_SOE4M4.wav,0,CS,10.3705809494186,0.2022722500365664
CS_20190306_18HQY3.wav,1,CS,35.353913482115,0.9999811652878874
CS_20190306_1A52VN.wav,1,CS,21.533093189265,0.9998471970369941
CS_20190306_2XE5Q1.wav,1,CS,25.8784073030224,0.9999535105382235
CS_20190306_BI8F7V.wav,1,CS,26.0001785498748,0.9999626888833015
CS_20190306_IEGF3Q.wav,1,CS,20.80045015568,0.9916224148927357
CS_20190306_MC1TPM.wav,1,CS,23.8951097219998,0.9999570864969811
CS_20190306_PBGQIF.wav,1,CS,23.7460282063908,0.9999790196052284
CS_20190306_RON8GT.wav,1,CS,25.3423135206554,0.9997871375246266
CS_20190306_S0HH36.wav,1,CS,33.945983538412,0.9999389685688888
CS_20190306_WU3A0A.wav,1,CS,25.4206322427485,0.9999898673126559
CS_20190307_51UK7I.wav,1,CS,11.2977885892494,0.0858664160592334
CS_20190307_6YNKMK.wav,1,CS,31.8540217047761,0.9999928474936721
CS_20190307_87DQ44.wav,1,CS,13.2283002146305,0.4192181024409124
CS_20190307_9276S7.wav,1,CS,33.4607336762477,0.9957946513239841
CS_20190307_B5FL8F.wav,1,CS,19.0278355478415,0.9999350351575294
CS_20190307_C503CI.wav,1,CS,24.2989371816849,0.9997637830023131
CS_20190307_D65QCR.wav,1,CS,12.0844081372417,0.16675915536879463
CS_20190307_EZ5J1D.wav,1,CS,31.9478979591022,0.9999756818971167
CS_20190307_GDKXKC.wav,1,CS,23.9770022944878,0.9982942876220674
CS_20190307_GKI551.wav,1,CS,19.9641843986852,0.9763514968803687
CS_20190307_HE95OY.wav,0,CS,9.47045044557233,0.36444404611248304
CS_20190307_HHU2H6.wav,1,CS,22.2205044370183,0.984837212724757
CS_20190307_IJ2LL0.wav,1,CS,27.1544263932736,0.9993385877729901
CS_20190307_KLVL1A.wav,0,CS,8.82086585162404,0.3625172402120887
CS_20190307_KZIQ0O.wav,0,CS,10.8424955454608,0.11101016906943018
CS_20190307_LU33LM.wav,1,CS,11.3807492092549,0.9915252486903787
CS_20190307_MDEJL7.wav,1,CS,18.9105024608676,0.999453128601561
CS_20190307_NK8TD6.wav,1,CS,9.68459215107799,0.0664120746187119
CS_20190307_NWY7WX.wav,1,CS,26.5404186119382,0.9988132511155643
CS_20190307_Q6GEPS.wav,1,CS,20.3789684971502,0.999913580732002
CS_20190307_QIG5R9.wav,1,CS,27.4918564179203,0.9996940833547248
CS_20190307_TJVIPM.wav,1,CS,17.6118453236996,0.9999905825550351
CS_20190307_UYQ622.wav,1,CS,10.6184813872324,0.3851370702086886
CS_20190307_W42KPR.wav,1,CS,24.5000603206622,0.9999922514562126
CS_20190307_W705LN.wav,1,CS,26.3867618588244,0.9995543559463799
CS_20190307_Z80BZ0.wav,1,CS,20.3188163216341,0.9927044822569373
CS_20190307_ZFIOM5.wav,1,CS,16.217740629464,0.9946955787085718
CS_20190307_ZJMG8X.wav,1,CS,9.73317237625566,0.0936139776324691
CS_20190308_24TNUO.wav,1,CS,8.2639911547026,0.15355092161062944
CS_20190308_45SGA0.wav,0,CS,9.07225532067399,0.07166922886704714
CS_20190308_47M3DT.wav,0,CS,10.7588443049645,0.07793041151096196
CS_20190308_49AADW.wav,0,CS,11.1322484407336,0.08053587791249775
CS_20190308_5EVH4P.wav,1,CS,19.6353633774284,0.9774349826567102
CS_20190308_6CFDVV.wav,1,CS,32.6321592696626,0.9989500353345264
CS_20190308_8Q5QES.wav,1,CS,10.5944901330498,0.9609369867705023
CS_20190308_9SMYLM.wav,0,CS,9.86321145722483,0.6856902253999303
CS_20190308_A38SJX.wav,1,CS,11.4490609052552,0.42365773475708557
CS_20190308_BL3KBN.wav,0,CS,9.93013474471765,0.05947605625870707
CS_20190308_BRWA9I.wav,1,CS,19.5166690279071,0.9111727447926969
CS_20190308_CPWVND.wav,0,CS,8.48169267616318,0.08261579832624964
CS_20190308_E59633.wav,1,CS,17.4210265935877,0.9997793922878564
CS_20190308_HFW3LF.wav,0,CS,11.4986207251924,0.1677465667047471
CS_20190308_HI9MUA.wav,0,CS,18.1799489239802,0.11058892933966383
CS_20190308_HM014K.wav,1,CS,18.7554558950148,0.8178494309144886
CS_20190308_JXUHF6.wav,1,CS,24.7201488066526,0.9999847414437658
CS_20190308_NMKOT5.wav,0,CS,9.52471545008294,0.10038511490469076
CS_20190308_NYOC99.wav,1,CS,11.9604247709224,0.27628858506568454
CS_20190308_PKAHX7.wav,1,CS,22.6587365153258,0.5930319799875923
CS_20190308_PLC5RC.wav,1,CS,28.1644693454257,0.9999030922364486
CS_20190308_PQ7S03.wav,1,CS,22.2967371360131,0.9659613128001855
CS_20190308_RHXTRM.wav,0,CS,11.5078745141023,0.35859887956535547
CS_20190308_SL6AX2.wav,1,CS,18.1356549746715,0.4934654933717141
CS_20190308_TMKJ86.wav,1,CS,10.6042684288915,0.6176141717448022
CS_20190308_TRGOIA.wav,1,CS,20.5866542454647,0.5491827975307172
CS_20190308_Z4N94E.wav,1,CS,18.0788919988642,0.9748084654515973
CS_20190309_4D5C5V.wav,0,CS,9.1603899839386,0.06856373806195246
CS_20190309_6D13RP.wav,1,CS,22.9750084765804,0.9999668609159512
CS_20190309_BHCGET.wav,1,CS,17.6707236641367,0.9999333664464221
CS_20190309_E78LC2.wav,0,CS,8.22989253557253,0.07916497872329231
CS_20190309_FA25OX.wav,1,CS,23.4394792307717,0.8923816607592207
CS_20190309_FZ9QKC.wav,1,CS,30.8292470805744,0.9999825957461574
CS_20190309_I2WL8E.wav,1,CS,26.6944846057644,0.9999778275635193
CS_20190309_K3VF5F.wav,1,CS,18.2295994859864,0.9599351131692099
CS_20190309_OPYRAY.wav,0,CS,9.96544478775448,0.07666293271323237
CS_20190309_PFYI7O.wav,0,CS,10.518644985556,0.08757895763851503
CS_20190309_PKXNQA.wav,1,CS,17.3322075577304,0.9985827058040628
CS_20190309_QIK2G6.wav,1,CS,9.19381198517041,0.14174402477301348
CS_20190309_VH2SXM.wav,1,CS,30.1251760959668,0.9998518448012981
CS_20190312_83SD19.wav,0,CS,8.84826576526665,0.14550010812419256
CS_20190312_P9VF7Z.wav,0,CS,13.0054601252105,0.07551295616323273
CS_20190312_QBMIJ7.wav,0,CS,13.694337071432,0.2497041180076541
CS_20190313_0W686L.wav,0,CS,10.0171590529342,0.3782393171878624
CS_20190313_1TWZ1F.wav,1,CS,11.2182968842755,0.32157404691031427
CS_20190313_41DZX9.wav,0,CS,10.1291977612088,0.1767549058771981
CS_20190313_4460XD.wav,1,CS,12.2336649924691,0.11857644984348013
CS_20190313_4EB5QB.wav,0,CS,10.4422168603996,0.5289103002942412
CS_20190313_5X0ZS5.wav,0,CS,9.2261170492357,0.19582125363001537
CS_20190313_650K58.wav,0,CS,11.1489116292376,0.5880818771781261
CS_20190313_6GUCFW.wav,1,CS,10.8089465546646,0.2494013921532229
CS_20190313_6UG06O.wav,1,CS,11.3362635783398,0.4013961670111246
CS_20190313_92RSNG.wav,0,CS,10.8090943406579,0.07629471657974574
CS_20190313_BM7LG3.wav,0,CS,11.2983361795956,0.07198949145149686
CS_20190313_BX6XQJ.wav,0,CS,9.81257240399671,0.12708951626524714
CS_20190313_D8UICC.wav,0,CS,15.3467868099523,0.23625449125842188
CS_20190313_F60J2I.wav,0,CS,10.8820241547433,0.13679745488706885
CS_20190313_FB3IL9.wav,0,CS,9.19215292535562,0.5834392058169172
CS_20190313_HBJCWZ.wav,1,CS,8.91937338660181,0.16880185171883852
CS_20190313_JBGMJB.wav,0,CS,9.08396241218845,0.1322974535591676
CS_20190313_JHF2FH.wav,1,CS,12.0706154766406,0.1070899869677693
CS_20190313_JKBEX9.wav,0,CS,11.042601037982,0.11678502746212961
CS_20190313_MDLJYJ.wav,0,CS,10.5481447921317,0.12221476158417825
CS_20190313_O14QR8.wav,1,CS,10.8632044017679,0.3882152117768986
CS_20190313_OIS6N3.wav,0,CS,12.4415195631755,0.046706058179616775
CS_20190313_ORLPXN.wav,0,CS,9.86325260596626,0.5808755228412699
CS_20190313_ROZV1D.wav,0,CS,10.3071215253771,0.14508508112744473
CS_20190313_V4TGQO.wav,0,CS,11.1932175481322,0.1264965896655439
CS_20190313_V6JQOS.wav,0,CS,10.2443574422143,0.045109834993965446
CS_20190313_WAYHNI.wav,0,CS,10.5498528628738,0.08428985084934468
CS_20190313_WQCNG0.wav,1,CS,10.9744511532848,0.6882680295322736
CS_20190313_YQOQXT.wav,0,CS,8.71639044777439,0.2811956989883327
CS_20190314_285PRI.wav,0,CS,11.2341129486581,0.09875791345665474
CS_20190314_2DOS0M.wav,0,CS,9.62238531216579,0.09630247872129472
CS_20190314_4FW4SA.wav,0,CS,8.25108100868616,0.14133342715290728
CS_20190314_6RICUE.wav,1,CS,10.0368872071016,0.23383288078873213
CS_20190314_9EXDW5.wav,0,CS,11.0808119056715,0.11808037617621865
CS_20190314_AH78FG.wav,1,CS,13.1734777179839,0.5455062186862848
CS_20190314_DUFX9C.wav,0,CS,8.87492355542825,0.10918590255826524
CS_20190314_IN2HFF.wav,0,CS,8.36868125298896,0.04773493083518925
CS_20190314_JBXQKO.wav,0,CS,9.22221800594487,0.051244056241592485
CS_20190314_KC1VGX.wav,1,CS,13.9730333086491,0.3360013611269074
CS_20190314_NBB1H0.wav,0,CS,9.29615333633828,0.21773277297278487
CS_20190314_NV3N5E.wav,0,CS,8.95409194198074,0.09237042095952527
CS_20190314_PXA595.wav,0,CS,8.04485658916164,0.3672807866144553
CS_20190314_QOE0Y5.wav,0,CS,9.73253481894426,0.09011136760718264
CS_20190314_RNHA1L.wav,0,CS,10.0904115317643,0.17191105302633997
CS_20190314_T0G7GW.wav,1,CS,9.57143890177919,0.06451331845698338
CS_20190314_T0L9F7.wav,1,CS,9.79349195721357,0.7028473824139608
CS_20190314_TKG5YJ.wav,0,CS,9.55699406648011,0.12857739866629675
CS_20190314_W0CUWF.wav,1,CS,8.61360799255353,0.5831490401154157
CS_20190314_XDVT5L.wav,1,CS,12.0206441882417,0.40864959645876453
CS_20190314_Y7WISK.wav,0,CS,13.6891441639828,0.04392992615219583
CS_20190314_YASOVC.wav,0,CS,8.13116625669153,0.03758812387188997
CS_20190314_ZNSB5F.wav,0,CS,8.41492817655772,0.12667247928828818
CS_20190315_3M8S7M.wav,1,CS,14.0331138584216,0.9734041361839751
CS_20190315_6ZPDVP.wav,0,CS,11.9516980097806,0.4061753161612974
CS_20190315_ANTP31.wav,1,CS,31.4539955433107,0.9997386423557733
CS_20190315_AQHF7J.wav,0,CS,10.5105159103024,0.21573964567849643
CS_20190315_E1C9W0.wav,1,CS,28.7689290730392,0.9997410253102584
CS_20190315_ER4RNW.wav,1,CS,12.5556633135328,0.912690033173706
CS_20190315_I4JZFR.wav,1,CS,28.6512874713015,0.9816024897278669
CS_20190315_IRDWN3.wav,0,CS,12.2973851861066,0.11227917638646372
CS_20190315_JRI690.wav,1,CS,22.0902712141969,0.99990261549654
CS_20190315_KRSY6C.wav,0,CS,13.9019461801414,0.02623773040690378
CS_20190315_KTA02C.wav,1,CS,10.8223018508666,0.9275233068599367
CS_20190315_LYO4NK.wav,1,CS,28.2428363285878,0.9999855758836753
CS_20190315_MO53LR.wav,1,CS,23.8431659043336,0.9996710905674316
CS_20190315_NFLO4C.wav,1,CS,8.89533769635543,0.06350477393398861
CS_20190315_OBV0SY.wav,0,CS,11.3417578529794,0.3768280356927932
CS_20190315_PFJPD7.wav,0,CS,11.6037894541308,0.1391544806542513
CS_20190315_PLOHZD.wav,1,CS,10.57461473291,0.9166500114341551
CS_20190315_SJX454.wav,1,CS,16.5963448127664,0.9995029060692135
CS_20190315_TD0DD7.wav,0,CS,9.04371508441703,0.09103069486075299
CS_20190315_VFDRSU.wav,1,CS,11.8032251712433,0.7608818923906346
CS_20190315_XRJ05M.wav,1,CS,21.9919291518957,0.9999939203633587
CS_20190315_YKOMP4.wav,1,CS,27.7278578266179,0.9995856810394509
CS_20190316_1GJB6Q.wav,1,CS,26.3364723056489,0.9999934435319415
CS_20190316_22XI6C.wav,1,CS,10.1697432380439,0.8692122116623107
CS_20190316_48XS5I.wav,1,CS,10.6865360681859,0.686436821470636
CS_20190316_49DQFI.wav,0,CS,8.51930731237511,0.06300710566998177
CS_20190316_4E2YAC.wav,1,CS,18.8244775052918,0.9981005576418519
CS_20190316_4MRUJJ.wav,1,CS,19.0094628474049,0.9999935627400018
CS_20190316_4PERIY.wav,1,CS,8.61351969265771,0.5345084483827107
CS_20190316_941DN5.wav,1,CS,24.3004093465376,0.9999003509614339
CS_20190316_CJQAIW.wav,1,CS,20.142081221153,0.9998519639783835
CS_20190316_GIMLQH.wav,1,CS,25.4193734130017,0.9999897481064004
CS_20190316_KJH2AY.wav,1,CS,20.5263795158866,0.9910463776108211
CS_20190316_LCLPA3.wav,1,CS,19.9397928640631,0.9999409948851344
CS_20190316_OEPKGA.wav,1,CS,21.0528240492439,0.9988685549969865
CS_20190316_QVJYT7.wav,1,CS,11.3783251763576,0.7764534259665706
CS_20190316_U398MN.wav,0,CS,10.1828397742122,0.03388980890431957
CS_20190316_UYT973.wav,1,CS,36.1755362367614,0.9995873485812236
CS_20190316_X84XVT.wav,0,CS,9.95272988693554,0.30338613731521313
CS_20190316_YG8Z4B.wav,0,CS,11.2620261025768,0.36984144896270155
CS_20190316_ZCHHES.wav,1,CS,22.5773728154455,0.999768668291261
CS_20190317_0YCNMR.wav,0,CS,9.89831457391119,0.12602148246901407
CS_20190317_25A848.wav,0,CS,8.86748685405496,0.6008931540781868
CS_20190317_6WJIE4.wav,1,CS,9.3531308683718,0.6262467333525747
CS_20190317_8V2Y3A.wav,0,CS,9.73212020589716,0.0917139738773398
CS_20190317_C4T9BI.wav,0,CS,10.0123619750735,0.5967954387797154
CS_20190317_FLTK8R.wav,0,CS,12.5706861523587,0.5651558548453331
CS_20190317_GPXZ5G.wav,0,CS,9.06055616168059,0.4309302245618478
CS_20190317_IPJ2VE.wav,0,CS,10.4486621624233,0.15866887010457031
CS_20190317_J2G88W.wav,1,CS,9.19116527770444,0.25738024326249637
CS_20190317_JWSRT8.wav,0,CS,9.50112245329934,0.05043972869342313
CS_20190317_NQ09SQ.wav,0,CS,25.3361834352351,0.9651411199664729
CS_20190317_O6VA5P.wav,0,CS,8.7254654464845,0.4816396823710131
CS_20190317_OSRTBM.wav,0,CS,9.44326981226802,0.11640252563907598
CS_20190317_OXX72S.wav,0,CS,10.286264269506,0.12619616989342455
CS_20190317_R3VVD6.wav,1,CS,10.4393620057514,0.6136867255727388
CS_20190317_RV17Y0.wav,0,CS,8.64070547208442,0.12933829715172399
CS_20190317_TA9TIG.wav,0,CS,13.6496075506793,0.1492660337648872
CS_20190317_WWWSD5.wav,0,CS,14.663887005561,0.040531035711678105
CS_20190317_XLHKWC.wav,0,CS,11.1623825128918,0.17001988858448258
CS_20190317_YGYIMS.wav,0,CS,8.3049133444332,0.2960598282177116
CS_20190317_YM1AUD.wav,0,CS,9.3474561911122,0.5338452969709867
CS_20190317_ZHUFKN.wav,0,CS,13.95056089796,0.29376508234702114
CS_20190318_491P1V.wav,1,CS,10.854008856204,0.09320657952365022
CS_20190318_9XGAUU.wav,1,CS,8.74877901657621,0.08748051991576164
CS_20190318_BL9GTR.wav,1,CS,14.3416027946324,0.1203985379651183
CS_20190318_EH8NP3.wav,0,CS,8.50139953111462,0.18417365799420177
CS_20190318_EW1U5G.wav,0,CS,8.20209938661787,0.15665696144003396
CS_20190318_IIO93N.wav,0,CS,9.46710684774705,0.15549681977794444
CS_20190318_L168LO.wav,1,CS,14.7948832915511,0.8156236020128805
CS_20190318_MHNGNN.wav,1,CS,9.87439972188697,0.456439709724649
CS_20190318_NMT45F.wav,1,CS,16.8595390306777,0.9707587633410554
CS_20190318_R6Q6XJ.wav,1,CS,22.0106269802378,0.13663263623202027
CS_20190318_UDTI13.wav,0,CS,9.47887519866313,0.10857896878464571
CS_20190318_VMRFX2.wav,0,CS,10.1228429462185,0.07104890982412407
CS_20190318_W0V5K0.wav,0,CS,10.1813139330539,0.39994706331216345
CS_20190318_WAXVSL.wav,1,CS,8.44277373253089,0.5850818133606335
CS_20190318_WBVIL4.wav,1,CS,12.672321162697,0.6381939714494818
CS_20190318_Z3451D.wav,1,CS,9.99006710473725,0.18028765108749137
CS_20190319_0CYDSV.wav,1,CS,31.0409175842926,0.9994519378012305
CS_20190319_2K5QER.wav,1,CS,17.0401788951682,0.9954177080179533
CS_20190319_2N1SSI.wav,0,CS,8.50665237138019,0.39712460262018495
CS_20190319_3E653O.wav,1,CS,13.3339523854467,0.9888899407937248
CS_20190319_4G8N5J.wav,1,CS,10.392895310224,0.9696075261292224
CS_20190319_5CJ58M.wav,1,CS,17.7730336508591,0.9931333381741471
CS_20190319_5IENWK.wav,1,CS,11.1381895423673,0.9077512179623612
CS_20190319_6RTOOO.wav,1,CS,21.0433343189934,0.9997790348116907
CS_20190319_CUM6MM.wav,1,CS,23.3534299112112,0.9989557453415573
CS_20190319_DB24KC.wav,1,CS,14.9754906797111,0.9988842552674911
CS_20190319_DI6VJH.wav,1,CS,20.5286993834698,0.9998759185262837
CS_20190319_DIIU26.wav,1,CS,34.1629519299644,0.9997456720863865
CS_20190319_FB050D.wav,1,CS,11.9513830334592,0.8354048998290011
CS_20190319_KD8TRK.wav,1,CS,34.414979766547,0.9999531529452337
CS_20190319_KFY0PF.wav,1,CS,12.407007573517,0.9320962421462136
CS_20190319_M0PEQT.wav,1,CS,28.7640390826726,0.9995086224363067
CS_20190319_MCOMYP.wav,1,CS,13.3203695452119,0.6027624644425837
CS_20190319_PAZUNQ.wav,1,CS,10.4855061617232,0.7261922172020765
CS_20190319_VMYJ3R.wav,1,CS,33.0900280610954,0.9970901293775236
CS_20190319_VWJV7W.wav,1,CS,34.1950808266942,0.9973964702216427
CS_20190319_WWMGDO.wav,0,CS,9.81223338636795,0.3399861125197746
CS_20190319_Y1F0XS.wav,1,CS,20.5299458382803,0.9999914170043662
CS_20190319_ZBUAPG.wav,0,CS,8.14849783739517,0.10201635872272667
CS_20190319_ZZT6ZG.wav,1,CS,23.9333127262576,0.9997179112201972
CS_20190320_0IUTTT.wav,0,CS,10.2220572585542,0.06888293211275542
CS_20190320_0MRTIW.wav,0,CS,10.8400098138693,0.07130257141963763
CS_20190320_19BJ6R.wav,0,CS,10.017923368452,0.24324206081562666
CS_20190320_39N72D.wav,0,CS,9.67548844188793,0.10717095476993355
CS_20190320_51HWT3.wav,0,CS,12.512852333711,0.17107285346128923
CS_20190320_53BEY0.wav,0,CS,10.2112308978503,0.6322387820258991
CS_20190320_8SZ2EO.wav,0,CS,8.77802628260778,0.08459096728249077
CS_20190320_98Q9UC.wav,0,CS,9.85964512913056,0.1434708429671008
CS_20190320_AXE30S.wav,0,CS,11.3649254006245,0.02406731513263445
CS_20190320_BHLWGC.wav,0,CS,9.16872111634665,0.20036489229680415
CS_20190320_DKJAGE.wav,0,CS,8.69579972658537,0.057128221529290306
CS_20190320_E3B8NR.wav,0,CS,10.566581359244,0.11469991115486054
CS_20190320_F37MP0.wav,0,CS,21.8712405581201,0.2541869718701027
CS_20190320_G6LLCY.wav,1,CS,14.8175877433385,0.5365376106571793
CS_20190320_GL2CUF.wav,1,CS,10.8582263692171,0.17604055623394257
CS_20190320_GME94R.wav,0,CS,8.59780799635827,0.05994659164824451
CS_20190320_M2YGLY.wav,0,CS,10.1490293049419,0.04792378241723929
CS_20190320_OMM8J6.wav,0,CS,10.9854344735421,0.03931130085084646
CS_20190320_ROKZ9P.wav,0,CS,9.26753323085244,0.19365655285186215
CS_20190320_UO0ARB.wav,0,CS,9.60865765571935,0.05534389738495362
CS_20190320_VNHA8J.wav,0,CS,9.73182143529068,0.24430810549181278
CS_20190320_VRB3QK.wav,0,CS,21.5610221303254,0.5930087218146723
CS_20190320_YA77E8.wav,0,CS,9.54994635389888,0.4057744523120247
CS_20190320_Z75BCK.wav,1,CS,9.35606528944123,0.16726922010778383
CS_20190321_1IFCKB.wav,0,CS,11.3027812792462,0.4144510414885807
CS_20190321_1QQNVI.wav,0,CS,10.847646392245,0.7121035815127684
CS_20190321_1T5OUK.wav,0,CS,9.67901504298247,0.3608684433772873
CS_20190321_1XBBLM.wav,1,CS,10.9192271616408,0.2309818935137434
CS_20190321_2S0C7M.wav,0,CS,9.27818372168027,0.2986797939890776
CS_20190321_5SR31Y.wav,0,CS,9.53258508854085,0.10958567637063499
CS_20190321_5V83U4.wav,1,CS,10.6800464963333,0.12666175836125096
CS_20190321_9K81SW.wav,0,CS,26.928201070468,0.1276058222242762
CS_20190321_AULL4Q.wav,1,CS,12.4701586456087,0.983446747003763
CS_20190321_BZ7YBO.wav,1,CS,21.3010385526292,0.20854610726173733
CS_20190321_GHMK3C.wav,0,CS,9.34085991380008,0.10023783946506026
CS_20190321_HD16MS.wav,0,CS,10.1882323043185,0.4422649222906146
CS_20190321_HLA9WK.wav,0,CS,9.2920054856065,0.06751099203003427
CS_20190321_I18EF2.wav,0,CS,10.4180401093752,0.1403710941635843
CS_20190321_IRMXPH.wav,0,CS,10.3899394572767,0.04551337237632661
CS_20190321_JZIEZT.wav,1,CS,12.7264910700464,0.8593803080066982
CS_20190321_M4WQUW.wav,1,CS,11.5943590797821,0.9785473588476317
CS_20190321_OSG1UT.wav,0,CS,13.073320096945,0.23104812513329429
CS_20190321_PGCXD8.wav,1,CS,20.7816698891891,0.7724744161600835
CS_20190321_SO5S5U.wav,0,CS,9.89417218566733,0.715113437504199
CS_20190321_T6EW77.wav,0,CS,10.1042987311917,0.2516292133148814
CS_20190321_TWLQOX.wav,0,CS,10.9681545853902,0.09547680445022429
CS_20190321_U2AKBR.wav,1,CS,35.7648311236562,0.996969138736201
CS_20190321_UBLWUX.wav,0,CS,10.8259981217857,0.0867199791274898
CS_20190321_V486GM.wav,1,CS,22.6857888991431,0.9998984440011163
CS_20190321_W8RS0K.wav,0,CS,8.66981509892533,0.3528774952570102
CS_20190321_YKRUF7.wav,0,CS,11.1314707743335,0.08178428116739268
CS_20190321_YWHXQR.wav,0,CS,10.6227547912532,0.049300388270450295
CS_20190321_ZQP5HR.wav,1,CS,8.81871692230794,0.3779648659875449
CS_20190322_01JKRD.wav,0,CS,10.6517086654459,0.16738974125724945
CS_20190322_02QKVP.wav,0,CS,14.9871042565899,0.25263577529601794
CS_20190322_0HBUVL.wav,1,CS,10.0623672409496,0.08944915538855061
CS_20190322_1IM8AP.wav,0,CS,11.1133060307819,0.06337774939369256
CS_20190322_2GQV5Q.wav,0,CS,8.79619215066083,0.2635450016634639
CS_20190322_3A4PI3.wav,0,CS,9.51391188295767,0.07974822181315722
CS_20190322_3UVIUC.wav,0,CS,10.4266936164221,0.31815083103301955
CS_20190322_5Y811H.wav,0,CS,19.5528998590488,0.22707838290253332
CS_20190322_9K5TKY.wav,1,CS,15.8327598265609,0.5549541670710557
CS_20190322_DDEJR9.wav,1,CS,9.93565728568302,0.22284070949596904
CS_20190322_E1L4RG.wav,0,CS,10.3150912341352,0.0964877856784375
CS_20190322_EP1ZPM.wav,0,CS,11.6849825983677,0.09907624555342835
CS_20190322_LX8IOM.wav,0,CS,15.7710498149503,0.23842898900367787
CS_20190322_N3K807.wav,0,CS,15.5377583912703,0.29349184707006937
CS_20190322_QACMSP.wav,1,CS,9.89137959639775,0.027955854198918353
CS_20190322_RVM4JW.wav,0,CS,10.1142540134404,0.07354833292297516
CS_20190322_SXJN5G.wav,0,CS,9.86915995406857,0.15702579598946428
CS_20190322_TR3GCA.wav,1,CS,24.5474540530121,0.7906303670405553
CS_20190322_TXR02R.wav,0,CS,16.3336455459968,0.4910864246783438
CS_20190322_UV6POF.wav,0,CS,8.45666624614384,0.35024960535962835
CS_20190322_VGLIII.wav,0,CS,8.68298059373778,0.5666857126951886
CS_20190322_XMK8US.wav,0,CS,11.0547964297263,0.20504338431976535
CS_20190323_2HCFNJ.wav,0,CS,11.4549583602668,0.09044630454948326
CS_20190323_5DS7CE.wav,0,CS,12.0329770924448,0.15317852555638584
CS_20190323_AM854U.wav,0,CS,8.94434745599755,0.049536103075222285
CS_20190323_BMT86R.wav,0,CS,8.85383333005684,0.07544817067995922
CS_20190323_C2V0CQ.wav,0,CS,9.34486373846632,0.273035059394771
CS_20190323_E680SP.wav,0,CS,12.7775913240841,0.0774022504094347
CS_20190323_EHWRLM.wav,0,CS,11.4297042302991,0.187380101195564
CS_20190323_FL0DES.wav,0,CS,13.122363348594,0.31722022598986516
CS_20190323_H9LW9B.wav,0,CS,9.19029444088266,0.06310402738986201
CS_20190323_LIBVA7.wav,0,CS,10.7814093250779,0.049643208453596155
CS_20190323_OOCJX9.wav,0,CS,9.77345032508176,0.713416373208004
CS_20190323_QEHRDN.wav,0,CS,9.71731687810922,0.11592334048278886
CS_20190323_RXZZRG.wav,0,CS,10.0430280727076,0.48594212816920096
CS_20190323_TJJR0T.wav,0,CS,8.96311392084472,0.19971533424644797
CS_20190323_WMYM4Y.wav,0,CS,9.68356240152524,0.2277486994972012
CS_20190323_XQLBA1.wav,0,CS,9.84111465358868,0.4142102305031427
CS_20190326_47RM4M.wav,0,CS,8.15170416683431,0.25806807192433945
CS_20190326_493JII.wav,0,CS,10.0964780146437,0.05721596354499278
CS_20190326_94MIB4.wav,0,CS,16.6829859951525,0.5117130222961549
CS_20190326_E4MG4N.wav,0,CS,11.4941708867665,0.05707787537901024
CS_20190326_J3UU7O.wav,1,CS,16.9394718133351,0.9994507470023188
CS_20190326_JAN0O1.wav,1,CS,8.58454224733916,0.5042050476681815
CS_20190326_NNRDCB.wav,0,CS,10.0432516715084,0.1410282140371763
CS_20190326_PFJEJY.wav,0,CS,13.8609618407635,0.1105932007879275
CS_20190326_RRP32U.wav,1,CS,12.8882619714104,0.5273557649815539
CS_20190326_XN4RSK.wav,0,CS,10.8381354798928,0.10548484915125939
CS_20190327_0I392V.wav,1,CS,34.0669182929131,0.9985476398573514
CS_20190327_4572RL.wav,1,CS,35.1641612178183,0.9999732978321718
CS_20190327_5WG5A0.wav,1,CS,19.8561159105246,0.9823066472501281
CS_20190327_63OMHA.wav,0,CS,9.14494812928784,0.0743368482163279
CS_20190327_69NMYC.wav,1,CS,19.2971549482668,0.9972149429472085
CS_20190327_7V9ZZZ.wav,1,CS,32.1304488861859,0.9998334923544098
CS_20190327_934K0N.wav,1,CS,12.116837044631,0.838983457954062
CS_20190327_9ATEE6.wav,1,CS,22.3930716375923,0.9999834301824576
CS_20190327_9UK4AV.wav,1,CS,10.5020788107071,0.12180201720843493
CS_20190327_AXZB8G.wav,1,CS,28.8610842563583,0.9998668609494783
CS_20190327_CD7J3K.wav,1,CS,23.0640625046886,0.9999853374722015
CS_20190327_CEK1QW.wav,1,CS,23.5979577042102,0.999511599754084
CS_20190327_CSRFGF.wav,1,CS,8.98633037235983,0.14827575759501463
CS_20190327_E2YY7J.wav,1,CS,12.2717547069866,0.9966785729318546
CS_20190327_EH6CDV.wav,1,CS,11.641127630228,0.7598961913803098
CS_20190327_FQPDXY.wav,1,CS,20.0426231890808,0.9997000402096589
CS_20190327_FWPZ1K.wav,1,CS,18.9108775017856,0.9892010611816323
CS_20190327_HN23CB.wav,1,CS,29.6529720989456,0.9998429068368195
CS_20190327_KZCVJ6.wav,1,CS,23.4259007782486,0.9999697217572346
CS_20190327_LA5EX5.wav,1,CS,23.8381279515608,0.9999593512842658
CS_20190327_LCQ0YJ.wav,1,CS,14.7953636622634,0.9654819191035143
CS_20190327_LHBHCN.wav,1,CS,34.4415938242913,0.9999401605169844
CS_20190327_M74LQ8.wav,1,CS,25.8196122719349,0.9999961853172863
CS_20190327_N211ZB.wav,1,CS,30.1085216919367,0.9998137105948935
CS_20190327_N8CGII.wav,1,CS,33.033081743975,0.9999106010236644
CS_20190327_RHLZGA.wav,1,CS,10.7904936143729,0.44710191405178373
CS_20190327_S05RIY.wav,1,CS,25.81288505547,0.9999821189265068
CS_20190327_S45CCK.wav,1,CS,26.1316947502667,0.9999911785905904
CS_20190327_T3V3ZZ.wav,1,CS,15.8890552366867,0.951012679038627
CS_20190327_TY913R.wav,1,CS,20.9865325768378,0.9999486234366107
CS_20190327_U3DIZ0.wav,1,CS,21.5512077615356,0.9999874831811497
CS_20190327_U9NTEX.wav,1,CS,21.3758354438436,0.9948982543149799
CS_20190327_VT0308.wav,1,CS,24.1147358335456,0.9999780659713836
CS_20190327_ZJKHE5.wav,1,CS,18.4805804799948,0.9987317930966606
CS_20190328_02KAV3.wav,0,CS,8.19028122489966,0.28793016316091735
CS_20190328_1N5K2Z.wav,1,CS,22.7828892493713,0.9979868015232253
CS_20190328_32R8LK.wav,1,CS,23.1594677395855,0.9994519378012305
CS_20190328_5P1BCD.wav,0,CS,11.3232820385999,0.03739698333051324
CS_20190328_6UHM27.wav,1,CS,16.5885071949349,0.9938912344044455
CS_20190328_DCKURQ.wav,1,CS,23.1584458707756,0.9999881984200047
CS_20190328_G7HRAL.wav,1,CS,11.5451813387917,0.9661597933070751
CS_20190328_GLWQ05.wav,1,CS,8.47739742847604,0.6940686345580063
CS_20190328_GP81M4.wav,1,CS,26.9342213579217,0.9997646170668943
CS_20190328_IE8R4E.wav,1,CS,16.2447701198029,0.991595923142126
CS_20190328_J5Q8PO.wav,0,CS,16.2812422919504,0.04953787465599684
CS_20190328_JYIAA4.wav,0,CS,15.4954156332686,0.4955335664623357
CS_20190328_KVJU16.wav,0,CS,8.75949743979497,0.18050160147431246
CS_20190328_MV8IXR.wav,1,CS,14.4072907911661,0.3009450830064734
CS_20190328_MVPOQ8.wav,0,CS,8.35090969245996,0.2957417614764558
CS_20190328_NR456J.wav,0,CS,10.985869830323,0.18475595054631547
CS_20190328_NUJB7K.wav,1,CS,8.99260968680931,0.19290969813716718
CS_20190328_POIC0Z.wav,0,CS,9.25441096319214,0.2176942320670234
CS_20190328_UGBP7B.wav,1,CS,17.7813383658004,0.9997668809890766
CS_20190328_VKLOZ7.wav,1,CS,22.5753857960927,0.9996179610346884
CS_20190328_VQJXT9.wav,1,CS,20.8987846179603,0.99998879445232
CS_20190328_WE5YPJ.wav,1,CS,18.4584703821097,0.9998645965826473
CS_20190328_YKU10G.wav,0,CS,10.6363612391339,0.041725487195242855
CS_20190329_06Q2HU.wav,1,CS,26.4575061128962,0.37254531488542425
CS_20190329_070SGO.wav,1,CS,21.1353610542521,0.999840642582435
CS_20190329_0LN7EG.wav,1,CS,28.9282741717763,0.9997157666424947
CS_20190329_0M2QAC.wav,1,CS,23.5538643170349,0.3054213283457374
CS_20190329_1DFPQJ.wav,0,CS,27.3002240010258,0.17530938521323297
CS_20190329_40S4PP.wav,0,CS,13.4888737422131,0.46249309693369156
CS_20190329_941CGP.wav,1,CS,30.8409435294675,0.2799471016454369
CS_20190329_AS6DW9.wav,1,CS,24.387369578157,0.9999958276922101
CS_20190329_DLXHJ4.wav,1,CS,33.4706470564102,0.9999982118638471
CS_20190329_FA74OU.wav,0,CS,24.6603640693078,0.1613515690898237
CS_20190329_HSPY8G.wav,1,CS,24.1587199456979,0.6024302990107803
CS_20190329_HY27W1.wav,1,CS,22.8666043411524,0.5141930279557313
CS_20190329_JP54YQ.wav,1,CS,18.4323507435606,0.9987761474122161
CS_20190329_KYDX3O.wav,0,CS,25.2879217277664,0.10696594662916394
CS_20190330_26439I.wav,0,CS,9.20882563948039,0.1235229410725982
CS_20190330_2PQ1Q7.wav,0,CS,8.66615493201149,0.8355826460139315
CS_20190330_2VLXTV.wav,0,CS,14.2311808189134,0.7202373475963039
CS_20190330_535M44.wav,0,CS,11.8110499272182,0.23754670013031773
CS_20190330_9J7ZHK.wav,0,CS,24.4084179507653,0.11003737839569924
CS_20190330_B5ZINY.wav,0,CS,11.7431869350585,0.24054402915149004
CS_20190330_BL4BC5.wav,0,CS,24.375675876822,0.1148112384208838
CS_20190330_E7QE4E.wav,1,CS,21.9546539609602,0.888001563550784
CS_20190330_EJINEQ.wav,1,CS,25.6393351166518,0.048078831058982995
CS_20190330_F0ZD6G.wav,0,CS,12.1670768893232,0.2088494284728295
CS_20190330_G7XPHZ.wav,0,CS,26.0728800345684,0.09663346790138141
CS_20190330_M45ZFP.wav,0,CS,8.55730731668697,0.09836372278281055
CS_20190330_M48QTN.wav,0,CS,8.6857144455656,0.05379251156553179
CS_20190330_MCB2LE.wav,0,CS,8.16245100173692,0.7740444895764172
CS_20190330_MUU9H9.wav,0,CS,20.9384177602407,0.7881498941564999
CS_20190330_MXU15L.wav,0,CS,25.7576872612168,0.10576349628635277
CS_20190330_ROAZJB.wav,0,CS,11.7891056527376,0.2737979817228028
CS_20190330_S6UYUQ.wav,0,CS,8.12522100231033,0.3051218651013006
CS_20190331_03XC8Z.wav,1,CS,35.34712031172,0.9586084413548192
CS_20190331_0CKS4B.wav,1,CS,34.9748998388978,0.9999744898630243
CS_20190331_56PQCN.wav,1,CS,14.6266465219358,0.9890041971706953
CS_20190331_59XCMS.wav,1,CS,28.4163680728722,0.9987740068314034
CS_20190331_5P4KP6.wav,1,CS,16.6234592565375,0.9926571415379221
CS_20190331_5PANS9.wav,1,CS,34.0758634952733,0.9996233213811837
CS_20190331_82C97B.wav,1,CS,19.1247012661636,0.7477986074075564
CS_20190331_9CZ5QQ.wav,1,CS,13.6684896449245,0.9869110818492318
CS_20190331_BATG8I.wav,1,CS,14.9691866590533,0.3520597923436646
CS_20190331_BNEIEW.wav,1,CS,37.4741740402865,0.9990597276034376
CS_20190331_CPSAKN.wav,1,CS,17.4451650409632,0.9994533667734325
CS_20190331_D0P2WY.wav,1,CS,21.0288493369837,0.9941652138113205
CS_20190331_DD0SKM.wav,1,CS,18.5395843762756,0.9983067621736013
CS_20190331_GANK7I.wav,1,CS,32.3533857568715,0.6410931611864744
CS_20190331_GIOGFA.wav,1,CS,18.7790032600355,0.9993882347569123
CS_20190331_GQDOIJ.wav,1,CS,19.0350856203967,0.9974974000792578
CS_20190331_IS3EVQ.wav,1,CS,18.2940866719773,0.9972341478503802
CS_20190331_IV8Z59.wav,1,CS,20.3704760803906,0.9138988383149098
CS_20190331_KLMG37.wav,1,CS,9.07449494506116,0.4496579096510382
CS_20190331_L5RYB6.wav,1,CS,25.3523473170156,0.9994224071748239
CS_20190331_PD7JIK.wav,1,CS,26.6932415346888,0.9999855758836753
CS_20190331_QTRH6F.wav,1,CS,9.21107176091569,0.728362271628495
CS_20190331_RMZSQ1.wav,1,CS,29.5677004962412,0.9995994980394108
CS_20190331_T3CVF7.wav,1,CS,15.7355271811783,0.41847152143577765
CS_20190331_TUMZ5G.wav,1,CS,34.2751091020406,0.9999949932351057
CS_20190331_UR9HM8.wav,1,CS,13.9717690116146,0.9576872882320001
CS_20190331_X8G9O5.wav,1,CS,35.7777563871701,0.9458574197436995
CS_20190331_XNHAUO.wav,1,CS,9.44333781995313,0.5966327911967704
CS_20190331_ZQ5548.wav,1,CS,8.99309823589115,0.961963897883967
CS_20190401_5GJX1D.wav,1,CS,9.57829761519995,0.2222227436500051
CS_20190401_7OL7QK.wav,0,CS,8.32429385327065,0.06572681354569973
CS_20190401_8WKK0J.wav,1,CS,23.4010724887011,0.6679735339761659
CS_20190401_A59UM3.wav,1,CS,8.35010814500015,0.08906308846555075
CS_20190401_CA6OI2.wav,0,CS,23.3430208977753,0.15743869729212842
CS_20190401_E9SSIH.wav,1,CS,19.0295865139927,0.4521143777049627
CS_20190401_MSF10N.wav,0,CS,9.72612630105679,0.24019278667837327
CS_20190401_N472CL.wav,0,CS,25.8566567843139,0.2873611545117794
CS_20190401_NR948A.wav,1,CS,16.876399456627,0.8305850168574405
CS_20190401_NTEREC.wav,1,CS,31.1094997530315,0.9998657883547901
CS_20190401_NYQ5ZV.wav,0,CS,23.569681833098,0.6503741727594877
CS_20190401_U7JUY6.wav,0,CS,8.17252229243654,0.11778188655262303
CS_20190401_UNSZKA.wav,0,CS,26.6509164494912,0.12106998192553468
CS_20190401_VX820G.wav,0,CS,27.1022017378331,0.330904705204041
CS_20190402_0VG6PF.wav,1,CS,31.379510400111,0.9999330088642737
CS_20190402_1F1WYZ.wav,1,CS,9.86217437904717,0.6271219209521606
CS_20190402_2PSSKW.wav,1,CS,10.7353888460219,0.6599213995110071
CS_20190402_36GFJQ.wav,1,CS,27.4196195553815,0.9995855619086509
CS_20190402_5BIE62.wav,1,CS,36.3953702689445,0.9987237074096371
CS_20190402_9RJ86S.wav,1,CS,31.8269672077151,0.946892632680465
CS_20190402_AO0ISE.wav,1,CS,20.5890013434565,0.8516022196113587
CS_20190402_AQVQML.wav,1,CS,32.7018256867019,0.8590948893118864
CS_20190402_BJQPWK.wav,1,CS,24.4400967317166,0.9999563713049341
CS_20190402_CJLZYN.wav,1,CS,26.9958622941142,0.7654908697750482
CS_20190402_DH3SGF.wav,1,CS,28.7414125380551,0.9999879600069962
CS_20190402_EKD5RO.wav,1,CS,23.548487144,0.9991363599373447
CS_20190402_I38FH2.wav,1,CS,31.3453527646537,0.9527509312450934
CS_20190402_J5LBQX.wav,1,CS,10.5119305094953,0.7130773759351091
CS_20190402_KRB352.wav,1,CS,35.1326270999387,0.8250454892749579
CS_20190402_N33JC8.wav,1,CS,18.4055541394637,0.9779548261867347
CS_20190402_OJH0RV.wav,1,CS,11.2395553661222,0.9115851470049869
CS_20190402_P34SID.wav,1,CS,26.9418624320472,0.9999755626925522
CS_20190402_PL6O1D.wav,1,CS,34.0938136860684,0.9999678145263777
CS_20190402_R6BPLH.wav,1,CS,34.3415149356339,0.9713102156379225
CS_20190402_W5YD15.wav,1,CS,34.9633547175267,0.9953526285680424
CS_20190402_WKMGS6.wav,1,CS,35.9834503244955,0.9944919241883367
CS_20190402_X3YMSM.wav,1,CS,23.593419094355,0.8829149881791066
CS_20190402_YA3B2I.wav,1,CS,35.566044489478,0.9998996358499792
CS_20190402_ZPF2C9.wav,1,CS,26.4733976914996,0.9999036881743856
CS_20190402_ZS6SVP.wav,1,CS,28.3229146297218,0.9996365438278723
CS_20190403_4LBS27.wav,1,CS,14.0496156826456,0.9883698231529537
CS_20190403_6XC4QW.wav,1,CS,21.8196519096324,0.86301485919189
CS_20190403_ESXRQR.wav,1,CS,19.3351964378159,0.998754029189785
CS_20190403_IAFRYC.wav,1,CS,24.0270020839572,0.9999266916589424
CS_20190403_IXHFJA.wav,1,CS,17.2959402212451,0.9985740282198524
CS_20190403_LP1S8P.wav,1,CS,22.2638474950513,0.9998020325696243
CS_20190403_P1CYBR.wav,1,CS,23.5545619500841,0.9999526761523544
CS_20190403_U3OD12.wav,1,CS,24.3562518127698,0.9997303021325449
CS_20190403_UKPSKJ.wav,1,CS,20.2251993742666,0.9999243078326592
CS_20190403_VB1W8X.wav,1,CS,21.4208771950479,0.9995293449265248
CS_20190403_ZZIVWX.wav,1,CS,25.5045810499664,0.9995997362752547
CS_20190404_0HQZO1.wav,1,CS,24.3699170032985,0.9999980926550052
CS_20190404_28E9NR.wav,1,CS,15.6563548951226,0.9980586382119341
CS_20190404_41GPA4.wav,1,CS,14.1289215967206,0.9759594898549802
CS_20190404_4QNC9M.wav,1,CS,22.6824224180806,0.9999450475372202
CS_20190404_6CR04F.wav,0,CS,9.94027082591437,0.09538311058981269
CS_20190404_79I8QN.wav,1,CS,20.7848919315666,0.9999997615814777
CS_20190404_7MOBXU.wav,1,CS,23.3743352204765,0.9994262174653975
CS_20190404_FVXA85.wav,1,CS,19.0232708286748,0.9999775891557117
CS_20190404_M7YHB3.wav,1,CS,17.8897825830131,0.9998457669779236
CS_20190404_NYZTD8.wav,1,CS,23.8022691373152,0.9942026824475652
CS_20190404_XU4C7L.wav,1,CS,12.1823036048856,0.8046385522222684
CS_20190405_2SFUS2.wav,0,CS,9.08619510534654,0.08276539551288453
CS_20190405_55G9JM.wav,0,CS,8.0039154030297,0.14146834496121785
CS_20190405_7HW3O9.wav,0,CS,8.50337209341481,0.07593965646632245
CS_20190405_8GN9DP.wav,0,CS,8.46755282603389,0.17553092386066574
CS_20190405_BKG1LK.wav,0,CS,8.06092341493676,0.12574161602080317
CS_20190405_CVTB8S.wav,0,CS,8.40317602944971,0.17390462430625733
CS_20190405_EOSRBW.wav,1,CS,21.406155013183,0.9984883305759717
CS_20190405_F0RPBL.wav,0,CS,8.68245545880973,0.29103792719878935
CS_20190405_FVNOWY.wav,0,CS,12.8581676936188,0.07352271832712043
CS_20190405_JKB8NA.wav,0,CS,9.97650181158191,0.21506882928654156
CS_20190405_KDI1BJ.wav,0,CS,20.9760785994951,0.13545208974949027
CS_20190405_NB0UMA.wav,0,CS,10.0124043478612,0.13904091233989138
CS_20190405_OFG4E0.wav,0,CS,8.92643452138026,0.043690367166958614
CS_20190405_QW9IT0.wav,1,CS,25.2672983588178,0.9991637315065024
CS_20190405_R8V14E.wav,1,CS,9.64659751266654,0.38548471135237394
CS_20190405_RPDA7H.wav,0,CS,10.5216824572434,0.0566257258997636
CS_20190405_WVQBHX.wav,0,CS,10.5091322510975,0.18341286096693643
CS_20190405_ZV2YI3.wav,0,CS,8.53389122700915,0.22995393117338295
CS_20190406_76V3IC.wav,0,CS,21.7986612778983,0.2945036605646379
CS_20190406_UCIQ3F.wav,0,CS,18.6880527158899,0.170189737717566
CS_20200115_1A9BHV.wav,1,CS,30.4787662381074,0.9938642687568857
CS_20200115_8S1AUQ.wav,0,CS,18.988390132561,0.2281936566239887
CS_20200115_HUN7B4.wav,0,CS,17.2362096792533,0.09545697954896944
CS_20200115_OB8K7H.wav,0,CS,11.9602003574716,0.1482722754939011
CS_20200115_VBFOYR.wav,0,CS,11.2377969113805,0.17875143295890444
CS_20200115_WB11HN.wav,1,CS,19.6507679883662,0.9603053329766055
CS_20200115_XRLGC3.wav,0,CS,21.7388077005364,0.24411188994614927
CS_20200115_ZD4ZT4.wav,0,CS,15.0871408141319,0.157036147900944
CS_20200116_0LZ7UG.wav,1,CS,18.6832731082423,0.4223852081029612
CS_20200116_17R7EK.wav,1,CS,11.8705681052222,0.7785069061799322
CS_20200116_1W64ZY.wav,1,CS,21.9628774194405,0.9981364234844465
CS_20200116_3V8FUE.wav,0,CS,18.6702213614343,0.20920540707721838
CS_20200116_6JBMFR.wav,1,CS,11.5640457483597,0.8110477810446302
CS_20200116_6LAWH4.wav,0,CS,8.37368156960947,0.27335483842092767
CS_20200116_6V38AE.wav,1,CS,11.2961453487803,0.22817126981474944
CS_20200116_86W1H9.wav,0,CS,22.625537907286,0.2532568476551041
CS_20200116_8VOOJ4.wav,0,CS,12.9411401304983,0.157457410254926
CS_20200116_AOO695.wav,1,CS,20.0428842917306,0.8548005228700519
CS_20200116_DA3MMX.wav,0,CS,9.23735915020271,0.09594251570971062
CS_20200116_DLK7IK.wav,1,CS,10.1641699930372,0.29226225940656503
CS_20200116_F8LS9N.wav,0,CS,16.4818321723933,0.1627438373025569
CS_20200116_FGTK2E.wav,0,CS,12.6641693496977,0.07677480169284735
CS_20200116_H84SGC.wav,1,CS,17.6182814098412,0.3297156288219411
CS_20200116_KCBTX3.wav,0,CS,13.856577429049,0.2252398107788516
CS_20200116_KVORIF.wav,1,CS,10.8732002492006,0.3457644029945594
CS_20200116_LAYE4L.wav,1,CS,9.32775547646042,0.3888593224884658
CS_20200116_LM4NVN.wav,0,CS,12.2446219719252,0.05107856873250351
CS_20200116_O9SEQX.wav,0,CS,13.3141199577321,0.2211073137185467
CS_20200116_OSGP3Y.wav,0,CS,12.0115155953775,0.4919763669429271
CS_20200116_QMEMNC.wav,0,CS,16.9506687056635,0.2202340085114898
CS_20200116_RGWH7B.wav,0,CS,11.6453327462839,0.06756870429912426
CS_20200116_RZLCZD.wav,0,CS,9.90272979900934,0.2140636299928687
CS_20200116_SQGL55.wav,1,CS,21.548157831305,0.28241734125072515
CS_20200116_SZJVDL.wav,0,CS,14.6868297089244,0.475216571125497
CS_20200116_T5BE9W.wav,1,CS,13.3769938249632,0.4125853933775448
CS_20200116_T6N6WX.wav,0,CS,9.14760070358778,0.1788423169122743
CS_20200116_V0XGSF.wav,1,CS,19.5831312962036,0.33169454519491154
CS_20200116_XIDVWX.wav,0,CS,12.1720247954797,0.09824170876746412
CS_20200116_ZI5T2G.wav,1,CS,17.0477784994133,0.20669906083968667
CS_20200117_24QFKT.wav,1,CS,26.1357558182445,0.9872989226045967
CS_20200117_3IA91L.wav,1,CS,26.8619901115677,0.9991539727674924
CS_20200117_4OGHBG.wav,1,CS,22.9887583538379,0.9998501763672429
CS_20200117_5ETZVV.wav,1,CS,32.537192769353,0.9956294230713231
CS_20200117_7QHZBC.wav,1,CS,19.4126884447474,0.9963691224290322
CS_20200117_7SJNCT.wav,1,CS,13.0436979257582,0.915275900686455
CS_20200117_81W712.wav,1,CS,21.424333952169,0.9997861842574495
CS_20200117_9OE31X.wav,1,CS,26.1076115749133,0.9933423179286788
CS_20200117_C7XHSK.wav,1,CS,19.0808269578214,0.9995854428069568
CS_20200117_DS1N7V.wav,1,CS,21.0087717340054,0.9999104818395896
CS_20200117_ERJJ24.wav,1,CS,19.4657092424918,0.8880295766752764
CS_20200117_HJB5L5.wav,1,CS,18.0217097491085,0.9618142263586277
CS_20200117_JM30MH.wav,1,CS,29.6158081143915,0.9999157261341967
CS_20200117_JNOD64.wav,0,CS,9.75807441535397,0.31052031476058967
CS_20200117_JRXJ4Z.wav,1,CS,11.9864737822753,0.8180943756545093
CS_20200117_KJ880H.wav,1,CS,30.541745777553,0.9999784235841962
CS_20200117_L5AHH6.wav,1,CS,18.3143387003171,0.9820385886931485
CS_20200117_MRC77Y.wav,1,CS,19.7614042794633,0.9947324975869816
CS_20200117_NEV7XP.wav,1,CS,13.6128815062844,0.9733271075894554
CS_20200117_NQDP2H.wav,1,CS,20.6388532288607,0.9976657408699716
CS_20200117_RJK8BK.wav,1,CS,22.5892878517864,0.9998830693632708
CS_20200117_UQM7GP.wav,1,CS,24.9427532749448,0.9993709708954449
CS_20200117_V6HPU2.wav,1,CS,26.2340290889317,0.9996259420119524
CS_20200117_VB4E8I.wav,1,CS,14.4274771074358,0.9417342477807993
CS_20200117_X1VC38.wav,1,CS,26.3648671362168,0.9500150298965948
CS_20200117_XBPPFV.wav,1,CS,12.5455989018793,0.4015783738817229
CS_20200117_XXE7JH.wav,1,CS,18.4094507555453,0.9985239867003345
CS_20200117_ZHXFXI.wav,1,CS,21.2476206962056,0.9882965796263998
CS_20200117_ZVL4UD.wav,1,CS,23.4198835687159,0.9101389681368001
CS_20200118_004PY3.wav,1,CS,23.0515876385518,0.9961282299855936
CS_20200118_1M9W95.wav,1,CS,25.6952280458191,0.9995313695727135
CS_20200118_2CFPEV.wav,1,CS,21.3099216181955,0.9765093656264382
CS_20200118_3KU86V.wav,1,CS,23.1215261371687,0.9996702566681586
CS_20200118_5CH3VU.wav,1,CS,23.9882960592783,0.9617058348420653
CS_20200118_93YHD9.wav,1,CS,24.8703508417112,0.9995139816437811
CS_20200118_97RPNH.wav,1,CS,11.6351190294375,0.9740567613476243
CS_20200118_AJDJTT.wav,1,CS,40.3284055757209,0.9952062015750347
CS_20200118_BH2W2O.wav,1,CS,26.4153166787808,0.9980736006034573
CS_20200118_C1WG7S.wav,1,CS,18.5465213030592,0.9760463604577738
CS_20200118_ESNEFN.wav,1,CS,27.9771881919277,0.9981292976446606
CS_20200118_FFBFUA.wav,1,CS,18.4241832263634,0.9994544384893809
CS_20200118_G6YIJB.wav,1,CS,20.9885843375855,0.9983304050712551
CS_20200118_G9CUBP.wav,1,CS,9.31489402154614,0.717521716268975
CS_20200118_GT2OTD.wav,1,CS,22.4848677142973,0.9964029703499344
CS_20200118_H5LIT9.wav,1,CS,24.3473530983908,0.9936662513656352
CS_20200118_HOWNK1.wav,0,CS,8.13935550458759,0.2320857928157205
CS_20200118_J80848.wav,1,CS,18.8906237290658,0.9990537784019677
CS_20200118_LWLD4O.wav,1,CS,22.5858479167844,0.9948849210447035
CS_20200118_M808I0.wav,1,CS,25.5595817637683,0.984893291998347
CS_20200118_N3LYTT.wav,1,CS,18.9278676201011,0.9726869633352024
CS_20200118_OIV9XB.wav,1,CS,17.0853921482163,0.9795897393686793
CS_20200118_PQWVNF.wav,1,CS,13.895598605548,0.2760091313759448
CS_20200118_R0Z2H1.wav,1,CS,11.1004704599426,0.3797766983358485
CS_20200118_RVYOT1.wav,1,CS,21.9738514648702,0.9977835775791816
CS_20200118_S7ZC8Q.wav,1,CS,27.3360902832517,0.9999647152949072
CS_20200118_SIDKA6.wav,0,CS,9.20071390183326,0.2522546372180532
CS_20200118_TQ5CAD.wav,1,CS,22.1762639337563,0.9966753756513155
CS_20200118_VROVT4.wav,1,CS,17.0695056109459,0.9994221690103301
CS_20200118_W7TBYI.wav,1,CS,25.0655555716341,0.9985462135169457
CS_20200118_Z25NHS.wav,1,CS,19.4799582906232,0.9986629505838294
CS_20200118_Z6KRW2.wav,1,CS,21.0558106817258,0.9992754943731628
CS_20200118_Z7DMC7.wav,1,CS,12.9194553891741,0.9465843731611273
CS_20200118_ZSCMTG.wav,1,CS,20.3630663059994,0.9990512797048817
CS_20200118_ZW9ITA.wav,1,CS,22.2097810076325,0.9731578477643502
CS_20200120_5YZP2Y.wav,0,CS,17.2771514839177,0.12704480059277662
CS_20200120_9QHOOV.wav,1,CS,8.41598955014301,0.27572246618053226
CS_20200120_A70891.wav,1,CS,17.7220745746462,0.9665088840725166
CS_20200120_AD8FIK.wav,1,CS,10.5789371955847,0.22426731720372128
CS_20200120_C3P6FK.wav,1,CS,10.8310040369776,0.14688677831760183
CS_20200120_HWQLRP.wav,1,CS,26.6016018263008,0.703375956136269
CS_20200120_ININ8R.wav,1,CS,20.0753287036283,0.20591732156669534
CS_20200120_IO3EAY.wav,1,CS,12.3049114013482,0.5035421548185832
CS_20200120_JL0EKR.wav,0,CS,10.2465987336687,0.2755606025960879
CS_20200120_KPOK1T.wav,1,CS,17.3133256589286,0.9991148208239177
CS_20200120_KRIK8C.wav,0,CS,8.919056860187,0.14162118466419346
CS_20200120_NDN3HC.wav,1,CS,10.2792883736768,0.5520023390523771
CS_20200120_P2QYBE.wav,1,CS,11.4417303013553,0.14905239311758117
CS_20200120_VQGCKP.wav,1,CS,19.0015827728834,0.997623146121935
CS_20200120_WV87MS.wav,1,CS,8.66949170311436,0.160971748680835
CS_20200121_1ZDG0E.wav,1,CS,17.0811295666427,0.9999940395710211
CS_20200121_2N3JCM.wav,1,CS,21.3933960773227,0.9999909401759619
CS_20200121_3NEZNF.wav,1,CS,8.7156920667768,0.7091198133605394
CS_20200121_476P6C.wav,1,CS,11.0099649331055,0.448228279520357
CS_20200121_4C8IDA.wav,1,CS,10.3734162277341,0.4963013313432915
CS_20200121_543N6B.wav,1,CS,11.9386203758885,0.329550784872396
CS_20200121_5D6PPZ.wav,1,CS,9.22803733279253,0.6682714712752125
CS_20200121_5DY2AO.wav,1,CS,18.1443270508573,0.9983516728028582
CS_20200121_7APC68.wav,1,CS,23.6111710759924,0.999881639187417
CS_20200121_A5LCHQ.wav,1,CS,16.5110483718196,0.9983222071111632
CS_20200121_A5Q09N.wav,1,CS,15.791669110766,0.9589329123565472
CS_20200121_AA9V3K.wav,1,CS,12.7830289694399,0.5511307983453921
CS_20200121_AYGMC5.wav,1,CS,23.2233897387198,0.9940552974786395
CS_20200121_BUXGUB.wav,1,CS,13.4052180673295,0.967377703249756
CS_20200121_C2EU07.wav,1,CS,12.7534642091339,0.9968482957678095
CS_20200121_G6NW0C.wav,1,CS,29.5397626061398,0.9998019134130395
CS_20200121_HSL4AF.wav,1,CS,12.5619117949897,0.5084639782832215
CS_20200121_IN4632.wav,1,CS,8.60755010086972,0.16179856460861206
CS_20200121_K5FHFQ.wav,1,CS,10.4540912982474,0.8471509326508688
CS_20200121_LW9GZZ.wav,1,CS,8.15422980961707,0.9567127955373664
CS_20200121_MELFVV.wav,1,CS,9.90642550419569,0.9045216564838929
CS_20200121_MKDUBO.wav,1,CS,17.707149061334,0.999925142169393
CS_20200121_OA23BF.wav,1,CS,16.8490652144803,0.9985096050429217
CS_20200121_OC0VJE.wav,1,CS,12.0187121730205,0.31877685469245615
CS_20200121_OEXVZU.wav,1,CS,14.4352564861691,0.9172022532258841
CS_20200121_OJV9Q8.wav,1,CS,17.4871587296932,0.9997363785557283
CS_20200121_PVD4WO.wav,1,CS,19.8582470600023,0.9838554084651565
CS_20200121_Q72HOP.wav,1,CS,23.2489855179941,0.9928767321605658
CS_20200121_RF0A7H.wav,1,CS,24.6943267265561,0.9499636048912197
CS_20200121_RJI3DX.wav,1,CS,14.9274283324634,0.5953005958194283
CS_20200121_S4L68K.wav,1,CS,19.1177396823362,0.45835687274788933
CS_20200121_SQHB4G.wav,1,CS,9.34176870607349,0.33083114488537235
CS_20200121_T3FN14.wav,1,CS,18.3437357157233,0.9982012735790341
CS_20200121_VA2K5F.wav,1,CS,8.61597525151417,0.5421895677839298
CS_20200121_VSHY0J.wav,1,CS,33.1775395428592,0.9791726123973268
CS_20200121_XSOYFB.wav,1,CS,21.5634477497187,0.9833540580053122
CS_20200121_Z5LWPH.wav,1,CS,14.90372762735,0.9940421046508129
CS_20200122_0OM655.wav,1,CS,22.9424057334782,0.9775411393511165
CS_20200122_24OG2Q.wav,1,CS,21.2724651308789,0.9937422940361937
CS_20200122_2JZZBN.wav,1,CS,13.1575911437542,0.7696717606874696
CS_20200122_2PY3EI.wav,1,CS,27.8693847841557,0.9996215345861271
CS_20200122_32ZEZ7.wav,1,CS,22.5218844332702,0.9998052499628225
CS_20200122_4BH3JW.wav,1,CS,27.7826817759157,0.9989801327884548
CS_20200122_4M5AGY.wav,1,CS,22.2733307271341,0.8556677380021005
CS_20200122_5X8LEY.wav,1,CS,20.0837773650161,0.9995827032682687
CS_20200122_61MEG3.wav,1,CS,25.0793105153275,0.9947886483694174
CS_20200122_6JAR4I.wav,1,CS,10.5016552038776,0.9380246350808595
CS_20200122_6S6C9A.wav,1,CS,25.4124655498089,0.9902624173825232
CS_20200122_7EUT1G.wav,1,CS,18.7915756107793,0.9992570440431834
CS_20200122_8L0Z3M.wav,0,CS,10.4459922962341,0.13218291046662692
CS_20200122_9KMQKA.wav,1,CS,20.6954043018658,0.9995631696432455
CS_20200122_AM8NTZ.wav,1,CS,25.9343619694157,0.999668231449699
CS_20200122_CEU8A2.wav,1,CS,10.4173887882836,0.752928069039756
CS_20200122_CIM64J.wav,1,CS,21.9312420118332,0.9875252157233533
CS_20200122_DILLN5.wav,1,CS,20.3038034244039,0.9814669688017008
CS_20200122_E4Y35V.wav,1,CS,34.389899738471,0.998793152925897
CS_20200122_EXP5Q7.wav,1,CS,22.2065264185351,0.9993702564970769
CS_20200122_FOE41Z.wav,1,CS,8.78157564320221,0.41082020348954146
CS_20200122_G1JC6J.wav,1,CS,27.8395049944581,0.9973292346816346
CS_20200122_GBZDJD.wav,1,CS,16.3301072701871,0.9793076140434306
CS_20200122_HX5DFI.wav,1,CS,30.0067782251863,0.9991411201310922
CS_20200122_JYNT43.wav,1,CS,11.8037373506631,0.974921304594608
CS_20200122_LYYN0S.wav,1,CS,20.1373377466152,0.9998958219357085
CS_20200122_M8UOL4.wav,0,CS,9.42134268870616,0.13804700017604063
CS_20200122_N7GQ21.wav,1,CS,30.6520317334326,0.9876990459793382
CS_20200122_NF9DU8.wav,1,CS,26.3250514202251,0.9991167247994914
CS_20200122_OM44KT.wav,1,CS,13.478885227436,0.9971728608119482
CS_20200122_PM47GW.wav,0,CS,9.91556276403637,0.11899293035205391
CS_20200122_Q6Y7H5.wav,1,CS,20.5313870170913,0.7698808001796059
CS_20200122_QNA0W9.wav,1,CS,18.408625769937,0.9940121859417143
CS_20200122_SCVGRE.wav,1,CS,26.7343699297316,0.9694172645889912
CS_20200122_U7VPFK.wav,1,CS,23.7328090487597,0.9999473122717736
CS_20200122_WO4Y7H.wav,1,CS,25.7379193555066,0.999808229037136
CS_20200122_XOHLVD.wav,1,CS,29.0102279293473,0.9687270958581662
CS_20200122_XOMZXH.wav,1,CS,31.6149245316521,0.9998410000951785
CS_20200122_XPUP7L.wav,1,CS,17.7250435670925,0.99318084173662
CS_20200122_Y1PSYI.wav,1,CS,20.485852786852,0.999513743457465
CS_20200122_Y4G5QV.wav,1,CS,25.3104522925047,0.9947884121198185
CS_20200122_Z1RC5D.wav,1,CS,12.7953822537951,0.8825963633678704
CS_20200123_0288LV.wav,1,CS,21.4589218086864,0.9930950094558324
CS_20200123_0LNSKW.wav,1,CS,24.2338944838056,0.9991141067831264
CS_20200123_1E3YMV.wav,1,CS,22.1349678939764,0.9947632852107468
CS_20200123_43USWB.wav,1,CS,21.1161595414224,0.9555286519700396
CS_20200123_4YU2ZY.wav,1,CS,21.9593837431789,0.27464209128082717
CS_20200123_52OVYS.wav,1,CS,29.9766356779654,0.9909161965187198
CS_20200123_59FK7E.wav,1,CS,30.2224778585021,0.9603617325981966
CS_20200123_5GJ9CT.wav,1,CS,17.1655611315758,0.9985413401444762
CS_20200123_5N7DOX.wav,1,CS,9.53965267177762,0.4662665808705472
CS_20200123_7HN8EU.wav,1,CS,28.2295818795748,0.9984865479310395
CS_20200123_8GO6GA.wav,1,CS,29.021661594859,0.9752984159318363
CS_20200123_9ABD4H.wav,1,CS,26.5455987722549,0.9389093904324826
CS_20200123_9HHLE0.wav,1,CS,20.1550247397321,0.9755512334351897
CS_20200123_BMNW95.wav,1,CS,25.7702931110449,0.9991064909807132
CS_20200123_D2J67I.wav,1,CS,28.3312887455894,0.9978160972734668
CS_20200123_DRO9KQ.wav,1,CS,37.5733501884712,0.8720506115987314
CS_20200123_F5FH3G.wav,1,CS,26.533313288381,0.9981949782592393
CS_20200123_GF38LC.wav,1,CS,18.5516325728944,0.9983270783681707
CS_20200123_HDCQ3K.wav,1,CS,19.7245871728551,0.9988944844841829
CS_20200123_HDNC7V.wav,1,CS,20.6457192136832,0.9969183100032122
CS_20200123_HK9X0O.wav,1,CS,22.228856138205,0.25336881902994246
CS_20200123_K23LR6.wav,1,CS,26.3874351713311,0.9833260471388509
CS_20200123_K8DS75.wav,1,CS,9.99691628639493,0.42765940758044596
CS_20200123_MT4462.wav,1,CS,11.43590430922,0.2966926733079368
CS_20200123_MTX17X.wav,1,CS,18.3925078457591,0.9982250303032919
CS_20200123_OJDSTD.wav,1,CS,19.0166993870947,0.9483761479917137
CS_20200123_ORMY1B.wav,1,CS,10.0414660408195,0.525500537115127
CS_20200123_OSEOGU.wav,0,CS,20.081106101936,0.9404925945925321
CS_20200123_QHAIXT.wav,1,CS,18.3405125358928,0.7878743024886224
CS_20200123_RL6NC5.wav,1,CS,26.3071150329066,0.9937399395806397
CS_20200123_SL40N4.wav,1,CS,16.9044388744787,0.9998848570841458
CS_20200123_URM17X.wav,1,CS,15.469189688119,0.9894920681123693
CS_20200123_V8T8X0.wav,1,CS,28.2232098441172,0.9985535830805523
CS_20200123_VCDU1C.wav,1,CS,23.5820711260027,0.9999303866209199
CS_20200123_ZPLUQV.wav,0,CS,9.23518117785966,0.14336528754063355
CS_20200123_ZSWQ07.wav,1,CS,14.184769510387,0.9990427130151887
CS_20200124_20CPKU.wav,0,CS,22.7473466275489,0.34800181106058925
CS_20200124_2GDWB0.wav,0,CS,9.11427396464242,0.06851723065309578
CS_20200124_7QZT6G.wav,0,CS,9.72293681624799,0.07366401643175192
CS_20200124_81TE6J.wav,0,CS,23.0331639243482,0.15033835515149555
CS_20200124_8XZZ6W.wav,0,CS,8.68364955010511,0.08081211893682404
CS_20200124_BT1KVW.wav,0,CS,15.8290757385518,0.17723597419610498
CS_20200124_D6QJNX.wav,0,CS,12.929887081143,0.11370755507677528
CS_20200124_EGR8WJ.wav,0,CS,16.7411151003011,0.19643386183504677
CS_20200124_HC77KX.wav,0,CS,21.1197897940735,0.1114763270940253
CS_20200124_INYBQO.wav,1,CS,20.6752016475301,0.20806059818696726
CS_20200124_J4Z0UY.wav,0,CS,24.804755547968,0.48923720516080405
CS_20200124_K03Q3J.wav,0,CS,8.25223746679426,0.12088411653478223
CS_20200124_K13DUR.wav,0,CS,22.4098166171013,0.42599849477371504
CS_20200124_K3AW4N.wav,0,CS,9.88122056709267,0.1143967925884585
CS_20200124_MODJ7W.wav,0,CS,10.4023783304532,0.44915814826439326
CS_20200124_NZH32N.wav,1,CS,8.09566454094856,0.060173124065750073
CS_20200124_P38SWX.wav,0,CS,20.170394453065,0.25222210239037385
CS_20200124_PKFLH9.wav,0,CS,8.03698194172666,0.14011821072474723
CS_20200124_PONY4B.wav,0,CS,8.07088894722386,0.09247449334412203
CS_20200124_S0ZTLW.wav,0,CS,12.0225526612449,0.3699578610159423
CS_20200124_TEB4RE.wav,0,CS,10.0340126848464,0.057521922016141584
CS_20200124_UI5TWH.wav,0,CS,12.7669778866219,0.14899902631021616
CS_20200124_VHOG9P.wav,0,CS,8.50231604062334,0.06004481781696541
CS_20200124_X7CQ7M.wav,0,CS,8.52711168324805,0.09896226599589178
CS_20200124_Y6YDQL.wav,0,CS,13.8167758184699,0.6227527603163603
CS_20200124_YA80IL.wav,0,CS,10.0074898924844,0.10114287661574614
CS_20200124_ZQQKX4.wav,0,CS,18.8059888658808,0.3371618966279839
CS_20200125_02QAC3.wav,0,CS,9.10984457551853,0.04136379796471501
CS_20200125_09VK5W.wav,0,CS,8.06781462100048,0.11270602135597385
CS_20200125_0UJPT5.wav,0,CS,18.572662222779,0.25869515912741436
CS_20200125_0Z8K7V.wav,0,CS,22.6887562088416,0.16886710227859966
CS_20200125_1PS6WN.wav,0,CS,22.0950871170855,0.0918219476518033
CS_20200125_3CMBLN.wav,0,CS,12.0108687858586,0.4490074476875587
CS_20200125_6TE5KL.wav,0,CS,19.831582498806,0.354761903892187
CS_20200125_8BWWRP.wav,0,CS,11.2346857390145,0.07210997788290179
CS_20200125_DRIVAC.wav,0,CS,20.3123155043354,0.20793144073550937
CS_20200125_E9Z5MF.wav,0,CS,10.8457317792601,0.2371815402174076
CS_20200125_F7CM6Y.wav,0,CS,18.7025414183703,0.15875315793287686
CS_20200125_I3QN49.wav,0,CS,8.23741574501294,0.05542714129101758
CS_20200125_IQP66P.wav,0,CS,22.4059985280362,0.25644384510741497
CS_20200125_LBK94T.wav,0,CS,9.74725817228291,0.04724816502805203
CS_20200125_M63GKX.wav,0,CS,16.2118732394648,0.1803560299851431
CS_20200125_MQEC4H.wav,0,CS,18.5303515768455,0.21064436376382717
CS_20200125_N3Y8MR.wav,0,CS,12.0381910555723,0.11440192027567564
CS_20200125_OQ49VG.wav,0,CS,19.7373834287809,0.2986319441566411
CS_20200125_P0HMLL.wav,0,CS,9.80798123033298,0.1295983570541752
CS_20200125_T37D7X.wav,0,CS,10.4574277477905,0.24034378841432893
CS_20200125_V0JX7M.wav,0,CS,11.0578564728442,0.19170635098114996
CS_20200125_VH1JAE.wav,0,CS,10.7367175936459,0.24485557550131576
CS_20200125_WL7PLR.wav,0,CS,10.8952829526147,0.2803090911605571
CS_20200125_WUG2AK.wav,0,CS,19.0183331306887,0.21173492523617998
CS_20200125_Y6FN47.wav,0,CS,10.7120404502709,0.11472408808797983
CS_20200125_Z7N8HW.wav,0,CS,20.1906955353884,0.33422457235517533
CS_20200126_08Q284.wav,1,CS,24.5996763181649,0.9996416661154023
CS_20200126_0LU3PC.wav,1,CS,30.8046751276283,0.6890253586713254
CS_20200126_0YWRA8.wav,1,CS,31.7781070244913,0.3318045271432439
CS_20200126_1A0VK2.wav,1,CS,28.919441201935,0.9241149322162386
CS_20200126_295396.wav,1,CS,27.8670675374885,0.9999303866209199
CS_20200126_44ZLY2.wav,1,CS,32.1670270665949,0.9999411140801217
CS_20200126_4EWEOO.wav,1,CS,19.8433789625684,0.9992065769270482
CS_20200126_579H01.wav,1,CS,17.3920502190575,0.9560024589292649
CS_20200126_7NKP62.wav,1,CS,27.7775481382401,0.9994811129050295
CS_20200126_9I4B2P.wav,1,CS,14.7446414354587,0.8171099836294469
CS_20200126_BDN2DI.wav,0,CS,17.0469423459815,0.28737852288900917
CS_20200126_BHBELM.wav,1,CS,18.2240580183711,0.9921688452200663
CS_20200126_CCSW4E.wav,1,CS,34.8179040889206,0.9990489000517954
CS_20200126_IGNBVK.wav,1,CS,22.8194659714581,0.9997778432447929
CS_20200126_J99SIO.wav,1,CS,23.2114406957568,0.9992333572148318
CS_20200126_NOVUAG.wav,1,CS,29.0666420792822,0.9997575870866819
CS_20200126_TXMTJ1.wav,1,CS,21.4931796095808,0.9974784223498463
CS_20200126_UKD29Z.wav,0,CS,8.11234956933839,0.21577292755724556
CS_20200126_WDPGFT.wav,1,CS,25.6938808287989,0.3103676575596445
CS_20200126_WMNRIL.wav,1,CS,33.7330465160494,0.8237060129205561
CS_20200126_XMB8X4.wav,1,CS,15.990662019366,0.994541090958075
CS_20200126_XN29DD.wav,1,CS,32.6279871202456,0.9995816312984153
CS_20200127_1TYEHP.wav,1,CS,20.8951656058841,0.9984813185786262
CS_20200127_5BT5MK.wav,1,CS,25.8331597803066,0.9986801900650935
CS_20200127_C45KDV.wav,1,CS,16.9091279166835,0.8343580147941524
CS_20200127_CFY8XJ.wav,1,CS,8.636412392704,0.7092277287997919
CS_20200127_CM5XIG.wav,1,CS,20.1317218938539,0.9998715088924898
CS_20200127_CVAU1Y.wav,1,CS,13.5276893575509,0.763606751779306
CS_20200127_DKY8GH.wav,1,CS,14.001476249168,0.5944680806334962
CS_20200127_F5VY6K.wav,1,CS,15.8544849153921,0.9959390051166203
CS_20200127_FO2SSI.wav,1,CS,21.7773085700172,0.9820500852159061
CS_20200127_FR0ZWX.wav,1,CS,23.347161609753,0.9997612807981958
CS_20200127_M81U62.wav,1,CS,18.2978587711363,0.9783889455843392
CS_20200127_OYFQ3P.wav,1,CS,19.5719498323109,0.9222377346071363
CS_20200127_PAHZJQ.wav,0,CS,9.92535418695082,0.28647969474544943
CS_20200127_T36MAY.wav,1,CS,16.8370943768451,0.9700827272048326
CS_20200127_ZD9ONB.wav,1,CS,21.8901134887186,0.9975487623415495
CS_20200128_3AEUY5.wav,0,CS,14.1356964335188,0.22378434010645123
CS_20200128_499BCU.wav,0,CS,10.9472274003434,0.08581727649584359
CS_20200128_57WCIY.wav,0,CS,17.589942805854,0.21572778992794972
CS_20200128_6O04TO.wav,0,CS,13.4946023352197,0.134058366959409
CS_20200128_816QU9.wav,0,CS,19.1603615372124,0.168405457020239
CS_20200128_A38880.wav,0,CS,9.83988547627081,0.3204693052655168
CS_20200128_A4JXVE.wav,0,CS,22.0342761840334,0.3128147662000549
CS_20200128_GOSHMJ.wav,0,CS,10.4949275669761,0.09674903252894015
CS_20200128_H0GH05.wav,0,CS,22.2472853522473,0.18531750514536113
CS_20200128_H36DLW.wav,0,CS,22.9682062835137,0.3166061663653052
CS_20200128_HZTHEI.wav,0,CS,10.5632328458762,0.26047734189443034
CS_20200128_IJS85V.wav,0,CS,9.05128884819996,0.1893605676782145
CS_20200128_KP6ZMU.wav,0,CS,16.5667519921338,0.13818523799082694
CS_20200128_OEZS3M.wav,0,CS,9.69949672354371,0.2262283872317239
CS_20200128_PDKDVB.wav,0,CS,11.9693848976213,0.2111561140156279
CS_20200128_Q3HS2A.wav,0,CS,17.7894869998275,0.36600061055292
CS_20200128_R0V1K8.wav,0,CS,11.9879368169521,0.1234726504326659
CS_20200128_UIVQXT.wav,0,CS,21.6676048865216,0.2406489454780905
CS_20200128_UZOPXB.wav,0,CS,10.4790285048441,0.16123585674247137
CS_20200128_XJNQK4.wav,0,CS,17.0351436086392,0.1537198203419147
CS_20200128_YLLQI7.wav,0,CS,17.8731320522546,0.15824368749507292
CS_20200128_ZS8WYT.wav,0,CS,8.76007950354984,0.5044758073771577
CS_20200129_1H3TGV.wav,1,CS,10.3125657405003,0.2782630154678153
CS_20200129_9R1AQH.wav,1,CS,34.2385388143707,0.9992333572148318
CS_20200129_9WCVGA.wav,1,CS,23.1273480740065,0.9685219687136318
CS_20200129_B1A8Z2.wav,1,CS,35.7869487424341,0.9804147473135024
CS_20200129_D44NDI.wav,0,CS,22.8554348963372,0.20063481127314006
CS_20200129_H5DU2L.wav,0,CS,10.3964728148268,0.29177201402015135
CS_20200129_KDHKJY.wav,0,CS,9.27912198607345,0.2539304784017679
CS_20200129_KJMXTV.wav,1,CS,30.4542832470974,0.5998732281730127
CS_20200129_KQJMPR.wav,1,CS,29.756574987336,0.9309462847422268
CS_20200129_MRBSRX.wav,0,CS,9.60620932884791,0.3829236369218047
CS_20200129_NBO8VZ.wav,0,CS,28.5179244031834,0.2389822858481661
CS_20200129_NCJ8FH.wav,0,CS,16.3313297201998,0.0981045478848931
CS_20200129_OA4SL3.wav,0,CS,12.4105043802575,0.16765732407157766
CS_20200129_Q13IAW.wav,0,CS,19.4240301732694,0.20992043680954148
CS_20200129_S2D3IU.wav,0,CS,12.7036359481439,0.24633967767960888
CS_20200129_SQIKWX.wav,0,CS,11.0017217370356,0.08812309428359265
CS_20200129_U7WCKN.wav,1,CS,21.7781234973727,0.9983060492913985
CS_20200129_Y6NV3V.wav,1,CS,35.5345827304441,0.6309626469546077
CS_20200201_0P347U.wav,1,CS,22.7304956584894,0.9989610985900119
CS_20200201_0SWP3G.wav,1,CS,10.1248639498739,0.6944598333577396
CS_20200201_3O31DI.wav,1,CS,27.4823651590712,0.9961994445294328
CS_20200201_4BCIIH.wav,1,CS,27.0301551223066,0.9873558638985312
CS_20200201_7I1H8Q.wav,0,CS,8.95739574837766,0.10152823260048378
CS_20200201_AZUBZN.wav,1,CS,29.0153246280204,0.99913647898553
CS_20200201_CCXOQ1.wav,1,CS,28.0035530804198,0.999924546211394
CS_20200201_ILYIGC.wav,1,CS,14.0473557154064,0.796474881912281
CS_20200201_MEVEEV.wav,1,CS,14.0160312732168,0.926113983089813
CS_20200201_MOKDRZ.wav,1,CS,13.9994772150501,0.7278746811500432
CS_20200201_Q9VU05.wav,1,CS,21.870988548534,0.9996112904472744
CS_20200201_R1G6JJ.wav,1,CS,10.3800229167392,0.6749579334607452
CS_20200201_SVY3ST.wav,1,CS,17.7429506091838,0.5732944419181485
CS_20200201_VBQOGA.wav,0,CS,8.49757708890929,0.15586905450182756
CS_20200201_YIRXF4.wav,0,CS,10.1534364386727,0.09365020888453437
CS_20200201_YSPG1A.wav,1,CS,12.9627041616551,0.5891760031769976
CS_20200201_ZD9VU6.wav,1,CS,12.8291871536511,0.3861880940296974
CS_20200202_04N4KK.wav,1,CS,21.6387656496381,0.9896852723128535
CS_20200202_1VPWGL.wav,1,CS,11.0220838256065,0.16776932477640333
CS_20200202_2CGX81.wav,1,CS,27.5883606954047,0.9977450075974955
CS_20200202_2L9886.wav,0,CS,11.8816360661843,0.4294516672080315
CS_20200202_49KYWL.wav,0,CS,15.8577750916151,0.17487646469693416
CS_20200202_4KXA0T.wav,0,CS,8.96627006612391,0.026247384515357974
CS_20200202_6FEVKM.wav,0,CS,8.0219730964033,0.13077107507014496
CS_20200202_CDI45B.wav,0,CS,11.9168159122961,0.051720345292085884
CS_20200202_EGLXOL.wav,0,CS,10.067713952012,0.29408449387569624
CS_20200202_FQYVNA.wav,0,CS,10.1225055025734,0.06576096842222563
CS_20200202_HAL1C7.wav,1,CS,18.9527490225498,0.8188392039661752
CS_20200202_JOTE48.wav,0,CS,8.98966917486067,0.31342360206451
CS_20200202_KGJYAZ.wav,0,CS,30.6517279949174,0.9992137181932729
CS_20200202_MM37DI.wav,1,CS,29.6457644726321,0.9987152652009285
CS_20200202_N1TUOW.wav,1,CS,21.9157361506149,0.9534725907678129
CS_20200202_N6M1VW.wav,1,CS,21.784444980765,0.9757077096927419
CS_20200202_NLBSWB.wav,1,CS,24.9503267129957,0.9999963045256735
CS_20200202_S0HOEM.wav,0,CS,8.27544650772237,0.08412967521902995
CS_20200202_U5N6GQ.wav,1,CS,20.2108041723485,0.9952533130286113
CS_20200202_UA4A81.wav,1,CS,28.6835973806765,0.9785956466495336
CS_20200202_Y4W7VQ.wav,0,CS,15.6241106779953,0.23304073436968623
CS_20200202_Z7DOVV.wav,1,CS,25.6573812224907,0.8762136976515197
CS_20200203_0JDX3S.wav,0,CS,11.3557039885684,0.09973211152240864
CS_20200203_0LU4QY.wav,0,CS,11.219738414409,0.04692379727620396
CS_20200203_1F0G9W.wav,0,CS,12.0552849730752,0.3250274699698895
CS_20200203_2KO9PY.wav,0,CS,16.3526399428068,0.31427446436988593
CS_20200203_4JN2BB.wav,0,CS,12.0315946487332,0.07871767814803865
CS_20200203_6NF6IG.wav,0,CS,9.53300951670646,0.06205300615637996
CS_20200203_7FV5XJ.wav,0,CS,8.08374700191554,0.2630113278548071
CS_20200203_7MIC83.wav,0,CS,10.7238303675476,0.17414064143695435
CS_20200203_7ZNLGQ.wav,0,CS,12.469987682589,0.07057896327526197
CS_20200203_83021B.wav,0,CS,9.82458580961213,0.28575163334728076
CS_20200203_8OHIVX.wav,0,CS,10.957966308073,0.1721286460262683
CS_20200203_DKTJHN.wav,1,CS,13.3324149365525,0.2537864601781307
CS_20200203_DLBTTC.wav,0,CS,14.7688478020772,0.09180404169424645
CS_20200203_DOMURJ.wav,0,CS,10.1272368995888,0.10010927601632068
CS_20200203_FAZN3N.wav,0,CS,9.13713953635089,0.39326317448360654
CS_20200203_FLIHOY.wav,0,CS,8.1122857556026,0.2244949453469592
CS_20200203_IR0FWM.wav,0,CS,14.1454633985018,0.11252390124355069
CS_20200203_IWNT33.wav,0,CS,13.8654687244195,0.07349399361048096
CS_20200203_K5QPRT.wav,0,CS,16.0651663631633,0.1024069226809681
CS_20200203_N6PAWZ.wav,0,CS,12.115745979445,0.024372439801315145
CS_20200203_PPJFC3.wav,0,CS,11.724343339656,0.024024970856620458
CS_20200203_QI7PCV.wav,0,CS,12.0933274151419,0.107788570974311
CS_20200203_UD7TW7.wav,0,CS,11.2891015510684,0.0575522797587635
CS_20200203_UHA2YJ.wav,0,CS,9.87400616109642,0.18617158319197405
CS_20200203_VT4NI6.wav,0,CS,10.553101193727,0.381656357474847
CS_20200203_XZCCUX.wav,0,CS,11.6231548797818,0.11253830868833394
CS_20200204_1GIV54.wav,1,CS,12.0486670594963,0.30292861544072797
CS_20200204_1JNTU0.wav,1,CS,9.10265801784316,0.08995840100503923
CS_20200204_2CNP0D.wav,0,CS,14.332959989072,0.1308932261265601
CS_20200204_2EHG6V.wav,0,CS,10.340935417288,0.11857825919032026
CS_20200204_330OJI.wav,0,CS,12.9241453826572,0.15922182207906083
CS_20200204_7PVIKK.wav,0,CS,14.4234070089236,0.042334789190289844
CS_20200204_9LH593.wav,0,CS,12.6505224745799,0.07684182554472041
CS_20200204_CO10E0.wav,0,CS,13.0064852266955,0.05390409036770084
CS_20200204_FRDH1Z.wav,0,CS,10.4116031514148,0.06515872020318693
CS_20200204_FWSZGB.wav,0,CS,18.2604308977266,0.10412343770910003
CS_20200204_G6YH1L.wav,0,CS,12.9987182715238,0.05678352465710854
CS_20200204_G9CBSR.wav,0,CS,12.990918110483,0.189847788611065
CS_20200204_GWOK7H.wav,0,CS,12.9427057769835,0.08321204478927653
CS_20200204_H6X92Z.wav,0,CS,10.1431564909762,0.19802221386427354
CS_20200204_HASO28.wav,0,CS,14.0216013977669,0.2500705212870759
CS_20200204_J27L79.wav,0,CS,13.5779064595318,0.102270797970509
CS_20200204_J5BMVH.wav,1,CS,11.2553503228811,0.23838382921281145
CS_20200204_JYIH05.wav,1,CS,10.7506856683205,0.43626005001137086
CS_20200204_KK41JR.wav,0,CS,14.3245617953341,0.05474687339149243
CS_20200204_LR1Y8M.wav,0,CS,11.9524903491908,0.08704106540134353
CS_20200204_NI3YXZ.wav,1,CS,12.3715495119634,0.23494060272320436
CS_20200204_ON8IZ3.wav,0,CS,10.4578023384287,0.07503272889280832
CS_20200204_TIS26Q.wav,1,CS,8.30304239020555,0.058715485762152096
CS_20200204_VVJW7X.wav,0,CS,11.7311933275765,0.13275345423618765
CS_20200204_X9KLVC.wav,0,CS,13.7540462967201,0.25868723366022506
CS_20200204_XFPEW3.wav,0,CS,13.7965281199573,0.30388513785948207
CS_20200204_XXD112.wav,0,CS,11.0877705052845,0.13202332107915912
CS_20200204_ZKUDLG.wav,0,CS,12.5389487868909,0.12130676457238952
CS_20200205_0KG23S.wav,0,CS,8.68338574096534,0.07252474554987011
CS_20200205_4P7GPY.wav,1,CS,9.28072462482664,0.31406638088281613
CS_20200205_6UUUOF.wav,0,CS,27.3795426681475,0.03510901706443314
CS_20200205_89TZH5.wav,1,CS,21.0147334905355,0.8794284886382094
CS_20200205_97TC06.wav,0,CS,8.44273708412148,0.1211555978959391
CS_20200205_AXJL2A.wav,1,CS,18.1687322057895,0.7684463567266928
CS_20200205_BT3S56.wav,0,CS,11.6516647397957,0.1086100120264111
CS_20200205_CJ9KEA.wav,1,CS,9.84908326339958,0.8870813007678975
CS_20200205_DRWLSA.wav,0,CS,8.98982368090119,0.22963134634528803
CS_20200205_F12ZKY.wav,1,CS,14.1068040745824,0.9923302266523416
CS_20200205_GI25WV.wav,0,CS,10.6786678206294,0.7070698397654308
CS_20200205_GQRTLU.wav,0,CS,14.0135776693524,0.6857044484196039
CS_20200205_ITXMQY.wav,0,CS,15.9710842532132,0.22501993056942823
CS_20200205_J6B5ZP.wav,0,CS,8.89383341545713,0.20723781055955037
CS_20200205_MCZITK.wav,0,CS,13.9245504042799,0.15512223786114845
CS_20200205_MPQ184.wav,0,CS,8.64499898728081,0.20203564972655388
CS_20200205_N9DT0Z.wav,0,CS,9.46776865936642,0.25057689153654183
CS_20200205_NL5CFQ.wav,0,CS,8.99366439685869,0.3125140144220609
CS_20200205_RRC90F.wav,1,CS,22.7630311984836,0.9999476698590368
CS_20200205_RU8SLG.wav,0,CS,15.6944041255449,0.09584735935069336
CS_20200205_UPKC3F.wav,0,CS,11.6535433315521,0.6591724851693774
CS_20200206_01103P.wav,1,CS,20.6687211857681,0.9999904633477849
CS_20200206_7OWHBF.wav,1,CS,18.9363952240577,0.996747023603708
CS_20200206_8F0G74.wav,1,CS,16.3142744966989,0.6666185555014741
CS_20200206_BGCH8O.wav,1,CS,12.1127079308683,0.7157385369771843
CS_20200206_BL5OLU.wav,1,CS,8.42112707507055,0.9943003740176453
CS_20200206_BZVKL0.wav,1,CS,11.1022730694105,0.6279466032725057
CS_20200206_CXWJ5K.wav,1,CS,12.8797053753014,0.7194262012075994
CS_20200206_EH6GNA.wav,1,CS,17.2866332332406,0.9972334364306817
CS_20200206_EJGH4N.wav,1,CS,19.4952166895512,0.9997726003935014
CS_20200206_G8VQVQ.wav,1,CS,8.42174613833721,0.36119372651788056
CS_20200206_GIJEV1.wav,1,CS,18.7306524558942,0.9966749020239702
CS_20200206_GQUDR3.wav,1,CS,18.6989507395296,0.8731855542703291
CS_20200206_HCA1KK.wav,1,CS,20.3104136007965,0.9999886752461923
CS_20200206_HG8GM9.wav,1,CS,10.2844530851658,0.38555102775247185
CS_20200206_LML161.wav,0,CS,13.743533113289,0.15151646199992178
CS_20200206_M4NF3B.wav,1,CS,18.6943730662537,0.9269569360949993
CS_20200206_NEF0A8.wav,1,CS,21.3369086285916,0.9965493947653148
CS_20200206_QNJXV0.wav,1,CS,19.171344920213,0.9990386676837091
CS_20200206_QY3K39.wav,1,CS,8.00319870484569,0.3701109059877968
CS_20200206_R22C4I.wav,1,CS,12.3493956707958,0.15989487340809835
CS_20200206_R3MP5M.wav,1,CS,23.6575220742262,0.9993278732453598
CS_20200206_S3SGRT.wav,1,CS,17.1744158912751,0.9994239551290687
CS_20200206_UK2H33.wav,1,CS,8.89144076639481,0.8480855892851409
CS_20200206_VBDESZ.wav,1,CS,8.95442349563562,0.3105778443612406
CS_20200206_WZCZH3.wav,1,CS,24.2631313338421,0.999998927117538
CS_20200206_WZVQW6.wav,1,CS,9.32446810048273,0.9961283482694808
CS_20200206_YTYC5I.wav,1,CS,18.3837031618905,0.9999347967690184
CS_20200207_0P9YKL.wav,1,CS,13.0581103632367,0.9549356108983013
CS_20200207_13SKDF.wav,0,CS,8.9509739869456,0.18352160356786956
CS_20200207_B6ZKQJ.wav,0,CS,11.363574823136,0.1839908179948985
CS_20200207_BEPSGY.wav,0,CS,9.6497617486843,0.211313445821324
CS_20200207_F9U813.wav,0,CS,29.0376411044847,0.16745658192506008
CS_20200207_FI1EDQ.wav,1,CS,25.2203801515218,0.9916142094484598
CS_20200207_GMQN07.wav,1,CS,18.7894211440807,0.9979757597463765
CS_20200207_LM15V2.wav,1,CS,24.4675828525709,0.9996140301515887
CS_20200207_P3VQUL.wav,1,CS,22.3848242288281,0.9965649040505755
CS_20200207_Q6MNQ0.wav,1,CS,17.1848811697129,0.8711002134632726
CS_20200207_SHRUOC.wav,1,CS,26.6137838901008,0.9862625740024169
CS_20200208_102YZU.wav,0,CS,11.742917037157,0.047107081194909035
CS_20200208_1XGHQ9.wav,0,CS,8.77726764332641,0.2679166630362924
CS_20200208_6111H6.wav,1,CS,28.4816520104843,0.856370486573505
CS_20200208_7J1QFG.wav,0,CS,9.78387450061991,0.46584703239032277
CS_20200208_7RCFXQ.wav,0,CS,18.0721480398412,0.395752104208057
CS_20200208_8XDA6J.wav,1,CS,13.2347381459785,0.08347865484064894
CS_20200208_92VZGU.wav,0,CS,12.4324696615014,0.28923094983815273
CS_20200208_9WF9JN.wav,0,CS,9.31225332909326,0.5828338667068088
CS_20200208_ARJCPP.wav,0,CS,10.4451292499925,0.8296309023561541
CS_20200208_DB7I5M.wav,0,CS,9.65752122024333,0.07909319419043076
CS_20200208_DU9UD8.wav,0,CS,10.4275277617393,0.10804053333305928
CS_20200208_F259DP.wav,1,CS,19.8624326877719,0.9975105663030981
CS_20200208_F6Y3PG.wav,0,CS,12.3592184212986,0.03942418621324207
CS_20200208_HA46LD.wav,1,CS,18.7397004237203,0.9124638772479488
CS_20200208_HK00RW.wav,0,CS,14.7436861325091,0.08519011418396227
CS_20200208_I31REW.wav,0,CS,13.0628412902514,0.08507983647012027
CS_20200208_JDRJ8Q.wav,1,CS,21.1887639113062,0.9891701504506843
CS_20200208_KKIK1K.wav,0,CS,8.33318158939923,0.1806065080855452
CS_20200208_KT06BS.wav,0,CS,9.59665425056194,0.1244428089192185
CS_20200208_LAMX11.wav,0,CS,11.5580814615284,0.0693470250690794
CS_20200208_OS8K4E.wav,1,CS,21.8955539545254,0.986956714159715
CS_20200208_OTJSM9.wav,0,CS,11.3288955820114,0.05579807591336011
CS_20200208_P4QBLE.wav,0,CS,12.6177478755687,0.18430345900954398
CS_20200208_Q8QBPI.wav,1,CS,13.6194645659286,0.3425151102881373
CS_20200208_SM9IRM.wav,0,CS,16.0004955056321,0.055327102681708054
CS_20200208_T459ZC.wav,0,CS,27.1476068468525,0.3202017291863041
CS_20200208_U835LR.wav,1,CS,28.2796795662295,0.952631480825401
CS_20200208_UXAPMK.wav,0,CS,9.49939023011842,0.5592719235123554
CS_20200208_WDS2NT.wav,1,CS,15.1195115530807,0.7668304345613143
CS_20200208_Y099C0.wav,0,CS,11.3477868264872,0.09254229262316875
CS_20200208_YZ3079.wav,1,CS,23.5526479564556,0.9946833120910323
CS_20200208_Z3VBA1.wav,0,CS,10.1535630961419,0.07237690066790534
CS_20200208_ZUBLND.wav,1,CS,11.3031261934714,0.13842047423923914
CS_20200209_0SQ0Q0.wav,0,CS,12.1446195058916,0.05742156616526239
CS_20200209_0TGFBP.wav,0,CS,13.4027194738516,0.02709538768302643
CS_20200209_7OGM0C.wav,0,CS,13.718168485984,0.12288845268761543
CS_20200209_85MR0P.wav,0,CS,10.4322247307984,0.25192428216584395
CS_20200209_AI3VBD.wav,0,CS,12.4972159790308,0.11931772846817305
CS_20200209_C6FMJ2.wav,0,CS,15.4923939632912,0.4898064342930358
CS_20200209_F1DZI5.wav,0,CS,10.1559883937173,0.06025426452401334
CS_20200209_IJB29W.wav,0,CS,10.4492499980483,0.055077854471940135
CS_20200209_JY9SUB.wav,0,CS,11.0220869023206,0.25593742595716884
CS_20200209_KJJIWB.wav,0,CS,11.4579556146136,0.06654906787765899
CS_20200209_MBO1GE.wav,0,CS,11.0095308535512,0.08666656969078997
CS_20200209_MCLI7T.wav,0,CS,11.1773796518658,0.05394179769373092
CS_20200209_MVKE8J.wav,0,CS,11.3626944949765,0.037241515747774824
CS_20200209_NVH18K.wav,0,CS,11.3856365419742,0.0824888887349918
CS_20200209_Q6VA8F.wav,0,CS,11.0373223167428,0.13940795136796238
CS_20200209_QVW0EB.wav,0,CS,9.39130876366131,0.0805488974119704
CS_20200209_QYBWGH.wav,0,CS,11.8518794412134,0.05786140236995963
CS_20200209_UVE10X.wav,0,CS,11.9958481479384,0.24759807093814368
CS_20200209_VAYOJR.wav,0,CS,9.81991223454596,0.3277812226041614
CS_20200209_WGEOOL.wav,0,CS,11.9632492775029,0.06010031717573651
CS_20200210_1HFHRP.wav,0,CS,8.05677511417245,0.13482803968249532
CS_20200210_1X2ZWM.wav,0,CS,11.4015881918526,0.09255893022521808
CS_20200210_2131Z8.wav,0,CS,9.14811943361409,0.10668616634625079
CS_20200210_30GSHY.wav,0,CS,10.861799856479,0.06609181752933459
CS_20200210_3XH35A.wav,0,CS,11.2688579620127,0.04514678286522313
CS_20200210_4LSRQW.wav,0,CS,12.1963443450321,0.0593156114296612
CS_20200210_5WPSE0.wav,0,CS,14.2285830126589,0.2558705260118933
CS_20200210_6MB8G3.wav,0,CS,8.89097186248132,0.16313740692461073
CS_20200210_796S9P.wav,0,CS,11.5845345072764,0.10345830107837344
CS_20200210_93LQUZ.wav,1,CS,12.6068363657529,0.749083525163722
CS_20200210_AT5MPQ.wav,0,CS,11.1915909124637,0.04933204054091584
CS_20200210_AU8KTX.wav,1,CS,12.5900400489279,0.5937405893778992
CS_20200210_D5TJR8.wav,0,CS,11.4823962595365,0.06479230381737931
CS_20200210_EK2CFG.wav,0,CS,12.9918683543829,0.14281081957064912
CS_20200210_FVPXHA.wav,0,CS,11.8946948109293,0.07788154270720976
CS_20200210_G5E5SI.wav,0,CS,9.813450516182,0.0515829747229128
CS_20200210_GJIU9L.wav,0,CS,19.1284796472015,0.13795007261153827
CS_20200210_GSB8U1.wav,0,CS,10.9658781034922,0.05374085109716906
CS_20200210_GZXCMB.wav,1,CS,12.0880064604233,0.2466151964172279
CS_20200210_IY0UDO.wav,0,CS,11.4977475875371,0.18545713224727786
CS_20200210_MTXC2R.wav,0,CS,12.9990387030084,0.05183610328361937
CS_20200210_O54EZI.wav,0,CS,11.3869194849224,0.6346667064278826
CS_20200210_OACTEP.wav,0,CS,11.7132717470849,0.16839425526665922
CS_20200210_PW3R8R.wav,0,CS,11.2080980991292,0.0932741816776633
CS_20200210_QY4IAY.wav,0,CS,10.7662728607352,0.06447775160995659
CS_20200210_RYU738.wav,0,CS,14.5682261562392,0.05257528191135551
CS_20200210_S0LAWJ.wav,0,CS,10.7065131605363,0.31125597039626046
CS_20200210_SFX96N.wav,0,CS,9.86847987583354,0.06695526406057495
CS_20200210_TT04J2.wav,0,CS,12.1475430260841,0.026941913443006654
CS_20200210_X6MQPP.wav,1,CS,19.7134664158976,0.9988888940204319
CS_20200210_Z6HK0F.wav,1,CS,24.1709231822876,0.995444285648528
CS_20200210_ZTRRDA.wav,0,CS,12.405467859399,0.05974539317904002
CS_20200211_0P9LLE.wav,1,CS,8.96328889711611,0.3662739278271566
CS_20200211_0YQX86.wav,0,CS,13.0828849484453,0.0797633769788122
CS_20200211_2CXQUE.wav,0,CS,9.75752671475491,0.17568177359295872
CS_20200211_4NRE4Z.wav,0,CS,10.2072612889502,0.23230775882050844
CS_20200211_5KD0NV.wav,0,CS,14.7861703131408,0.2229074233985224
CS_20200211_5ZAIER.wav,1,CS,8.90637836321075,0.15873737539156763
CS_20200211_7B61MF.wav,0,CS,10.7081640184196,0.09814349987731345
CS_20200211_7SXY6H.wav,0,CS,16.6450271493191,0.5653069563653376
CS_20200211_9R1SD5.wav,0,CS,12.5764959693034,0.060100059253709905
CS_20200211_B3RGPG.wav,0,CS,13.0990241210989,0.08144059640445213
CS_20200211_BHLIPH.wav,0,CS,11.2860828298641,0.0798923979394493
CS_20200211_C2ZW3Q.wav,1,CS,10.3837131238153,0.08833235164228458
CS_20200211_CG1TRO.wav,0,CS,15.905248376668,0.09190344414538594
CS_20200211_D5LKE4.wav,0,CS,9.83974515487791,0.12203426686422703
CS_20200211_EW7CFC.wav,0,CS,12.9956341836144,0.05782302296971723
CS_20200211_FPAR03.wav,0,CS,13.9972525627162,0.13282262944734605
CS_20200211_GKIYB8.wav,1,CS,11.0271938225846,0.2289414601981982
CS_20200211_KG9PFG.wav,0,CS,12.0848476915897,0.11536784729481724
CS_20200211_LT854A.wav,0,CS,11.6548842290265,0.06639640093480778
CS_20200211_M7ODB0.wav,0,CS,13.0417994537397,0.08642515039788314
CS_20200211_M95W7I.wav,0,CS,9.38210730126298,0.09516404731004305
CS_20200211_MJ93JM.wav,1,CS,23.6041052679055,0.09826899994308896
CS_20200211_N2BROC.wav,0,CS,15.3564900597371,0.45261411008271063
CS_20200211_N6QHW9.wav,0,CS,11.695015715828,0.17318806410481322
CS_20200211_OPFD5Z.wav,0,CS,12.0119062920082,0.04803528036350234
CS_20200211_PQNH04.wav,0,CS,12.4980613933726,0.13393291090385234
CS_20200211_QWWNGJ.wav,0,CS,15.5437621063832,0.05663829637680896
CS_20200211_QY0PBQ.wav,0,CS,10.6074277096032,0.052728493465833436
CS_20200211_RKLYZX.wav,0,CS,12.9128114049741,0.04667585708698195
CS_20200211_RO0VSL.wav,1,CS,8.21421915538576,0.20565382820071149
CS_20200211_RV8JXB.wav,0,CS,9.62823296090765,0.12493096637436957
CS_20200211_S2MT29.wav,0,CS,10.8257696053067,0.4295297461128812
CS_20200211_SO9YR2.wav,0,CS,16.4252679817782,0.3746597873906198
CS_20200211_UW3F49.wav,0,CS,9.59262692337003,0.0842331783421268
CS_20200211_XC17OA.wav,0,CS,15.1494987146643,0.21338868905075417
CS_20200211_XEJ83J.wav,0,CS,13.2652954183235,0.1256301730230846
CS_20200212_0DRUO8.wav,1,CS,28.1060302897341,0.9996799063410222
CS_20200212_0FECM4.wav,1,CS,11.8288369131397,0.17731623717154568
CS_20200212_2G5XKV.wav,1,CS,13.7011893789199,0.515231151431456
CS_20200212_4JWETF.wav,1,CS,18.1986035612274,0.9930781973774261
CS_20200212_4N6R7Y.wav,0,CS,10.8040189869961,0.06273157429271928
CS_20200212_4YT61H.wav,1,CS,22.3558217777211,0.9954874032066324
CS_20200212_682Q18.wav,1,CS,33.4825490863049,0.9984407931883599
CS_20200212_6RHFRC.wav,0,CS,10.0876969217829,0.1017352370547312
CS_20200212_8DG9OU.wav,1,CS,8.66255196788936,0.2513548346843218
CS_20200212_919OFK.wav,1,CS,15.8163896674621,0.882386736846192
CS_20200212_BH7Z1D.wav,0,CS,10.1164961736456,0.0982768958856409
CS_20200212_BULAL0.wav,1,CS,9.39759704821654,0.4584843938504257
CS_20200212_CKX21B.wav,1,CS,35.1313704871435,0.9919935557263586
CS_20200212_CLBQLN.wav,1,CS,21.1992944853342,0.9962822646686554
CS_20200212_CM5UVC.wav,1,CS,13.9334005674393,0.15571113997257713
CS_20200212_F4PLXF.wav,1,CS,13.0943704873129,0.4622280084926344
CS_20200212_FZTQO9.wav,1,CS,19.7766690507777,0.195028824945396
CS_20200212_G6W6C1.wav,1,CS,18.3607018210205,0.9151068649364579
CS_20200212_GD2PKL.wav,0,CS,9.29745715286235,0.2168808108096414
CS_20200212_JOYTCK.wav,0,CS,9.58443889330894,0.5996238515330662
CS_20200212_JS9SQ9.wav,0,CS,12.9226392526355,0.2851422614476001
CS_20200212_LJQJDZ.wav,0,CS,9.67095199567855,0.18947480165334843
CS_20200212_NEGBJP.wav,1,CS,28.4886190072734,0.5398151509686221
CS_20200212_NL4DD8.wav,0,CS,12.13841976987,0.13667124396000963
CS_20200212_Q499C2.wav,1,CS,23.0958925626819,0.23531692715321434
CS_20200212_Q6GNL8.wav,1,CS,10.5030168484072,0.2027189728140782
CS_20200212_QOQ2XH.wav,0,CS,11.7106675001919,0.696349985302466
CS_20200212_R4EB81.wav,1,CS,12.0897175865052,0.5545440211058592
CS_20200212_SV01EB.wav,1,CS,23.9893514775179,0.9879655488311232
CS_20200212_UGOM95.wav,1,CS,27.4291431084937,0.9998256272208392
CS_20200212_V5AJ02.wav,1,CS,20.7213113434661,0.9987938663884862
CS_20200212_W99CYW.wav,0,CS,17.8471227577684,0.7013153320827296
CS_20200212_XXRDHA.wav,1,CS,20.7210479604185,0.9962841579691186
CS_20200212_YPV370.wav,1,CS,19.3836246311527,0.9788806756006534
CS_20200212_Z0NY27.wav,0,CS,11.7849120205684,0.0935870644121648
CS_20200213_01LMGK.wav,0,CS,10.5828677792155,0.4651065851997054
CS_20200213_0I4ZV7.wav,0,CS,11.6673569702207,0.05309517698691573
CS_20200213_1S7JQ0.wav,0,CS,13.8068632805985,0.9338953996802641
CS_20200213_4GFL4R.wav,1,CS,10.8839188226285,0.6237590135912048
CS_20200213_6G7O3P.wav,0,CS,17.9506206650256,0.18707397108963839
CS_20200213_740R2M.wav,1,CS,14.8788838547342,0.9740425099517731
CS_20200213_883IU9.wav,0,CS,14.0337337329364,0.44058181713480304
CS_20200213_8GCLWS.wav,0,CS,14.4293022101612,0.42523552979688656
CS_20200213_AYJAJ0.wav,1,CS,11.9942313777393,0.9308002221395486
CS_20200213_BL6I6V.wav,1,CS,15.2274349342514,0.7013301091221218
CS_20200213_CQOBCY.wav,1,CS,9.73296222388061,0.3791032278235577
CS_20200213_F1UE67.wav,0,CS,9.17514260304676,0.5053262461354
CS_20200213_GUIHJH.wav,0,CS,20.2287732576566,0.5747969933099212
CS_20200213_HMBJTL.wav,1,CS,16.9488291656488,0.8188016359323521
CS_20200213_KJOQSC.wav,1,CS,23.9863198407559,0.9742788360981856
CS_20200213_KX74NK.wav,0,CS,14.3135813319068,0.15399677447584872
CS_20200213_MH6WQ2.wav,0,CS,9.0308156520036,0.08825368519655095
CS_20200213_N0QIHN.wav,1,CS,18.3821417923661,0.5899739941563023
CS_20200213_NPXLW7.wav,0,CS,8.72012235038665,0.16475669327834433
CS_20200213_OQ2G6F.wav,1,CS,9.3789972358758,0.6857548035499684
CS_20200213_T8Z4MU.wav,0,CS,11.9251927878199,0.42900752765909766
CS_20200213_UHP2K2.wav,1,CS,23.8042928304364,0.9978944382208236
CS_20200213_UUE28X.wav,0,CS,10.8848523170332,0.44781521933627927
CS_20200213_XD1P2L.wav,1,CS,29.7250833011257,0.9991962223183564
CS_20200213_XM1H3X.wav,1,CS,18.6703650945914,0.9969277881558918
CS_20200213_XTY47Z.wav,1,CS,10.5467811101261,0.8201662563989736
CS_20200213_YPDHB9.wav,0,CS,12.8106811521525,0.3672608657615707
CS_20200214_7XAQQ1.wav,1,CS,17.1462282909823,0.9727321934293789
CS_20200214_8WTM8Z.wav,1,CS,19.7046193281007,0.9990077337240185
CS_20200214_9K2FWH.wav,0,CS,8.59191619110748,0.08607431634481794
CS_20200214_B6YAA8.wav,0,CS,8.47666706805737,0.14647072932253186
CS_20200214_DJVRMS.wav,0,CS,8.31461196259883,0.06445002523320378
CS_20200214_F3I8B7.wav,1,CS,14.0191164973211,0.8235028021835801
CS_20200214_HFGPQZ.wav,1,CS,8.12198056797568,0.16790559778927952
CS_20200214_MC9T26.wav,0,CS,9.39343822057218,0.05863987064059936
CS_20200214_MOBF02.wav,1,CS,16.6649349338812,0.9973828327011136
CS_20200214_MVW5GG.wav,0,CS,9.92168805000712,0.20403658516337497
CS_20200214_OETR0M.wav,1,CS,22.7401006564345,0.9996810976748175
CS_20200214_ORXJJS.wav,1,CS,29.38497409129,0.9998674568439967
CS_20200214_QJDVCW.wav,1,CS,20.6021028818755,0.9843883423451913
CS_20200214_SWY67N.wav,0,CS,9.52778318568801,0.11219376083467875
CS_20200214_UNIRB7.wav,0,CS,12.0444700416702,0.06423144540307843
CS_20200214_XZSP1C.wav,1,CS,23.3113919123267,0.9997463869567949
CS_20200216_33VI20.wav,1,CS,28.9383145519042,0.9994333618720955
CS_20200216_3FRYSS.wav,1,CS,18.4482381458165,0.9983660498610513
CS_20200216_3X4DQK.wav,1,CS,13.1177974546131,0.3148122388910233
CS_20200216_D5NS1N.wav,0,CS,12.9167638421759,0.10513865651942322
CS_20200216_E3DYJN.wav,1,CS,19.6473336231952,0.9280051621001593
CS_20200216_H24MKZ.wav,1,CS,9.00411198113259,0.5022529295119131
CS_20200216_HPH8EB.wav,0,CS,10.1601403106407,0.07996399270457523
CS_20200216_IGN3FM.wav,1,CS,25.5801143269985,0.9926705327790563
CS_20200216_LBSAFM.wav,0,CS,11.7294431158185,0.146242591435577
CS_20200216_NNHT0R.wav,1,CS,29.0479470609912,0.9571626572735311
CS_20200216_OIKUW7.wav,0,CS,13.999733601039,0.30031716523861046
CS_20200216_QFI1X2.wav,0,CS,8.71314904081995,0.10779615238631227
CS_20200216_V1KZ5L.wav,0,CS,10.7446561246884,0.07642095089622619
CS_20200216_VWY2PB.wav,0,CS,14.5344148677085,0.08224926214862884
CS_20200216_WVDJDO.wav,1,CS,21.4002202352357,0.9935662129978484
CS_20200216_YMM22G.wav,0,CS,11.0698283410737,0.11556818101603408
CS_20200216_Z7BEPK.wav,1,CS,12.856958608829,0.7441830710532598
CS_20200217_0MJFC2.wav,1,CS,9.44700334955197,0.42903422444803185
CS_20200217_1RZLQ6.wav,1,CS,13.3734145401011,0.8681884716796121
CS_20200217_23VKI0.wav,0,CS,17.2483039934353,0.9977452450138595
CS_20200217_3G5GNH.wav,1,CS,30.0826997425419,0.9993987124708908
CS_20200217_4W4JJZ.wav,1,CS,28.1567376493689,0.9997613999499381
CS_20200217_6GL6HP.wav,1,CS,14.8031395052963,0.8834610974062875
CS_20200217_6PDRZS.wav,1,CS,26.3135834202745,0.9957161671165979
CS_20200217_6X6BDM.wav,1,CS,27.0581429859169,0.9840845141546968
CS_20200217_7GIH6E.wav,1,CS,16.029631373263,0.9976684697832194
CS_20200217_83RLCO.wav,1,CS,16.3020990048106,0.9994252649204793
CS_20200217_96LOGS.wav,1,CS,10.8200406211005,0.6446617330806216
CS_20200217_A80KYP.wav,1,CS,15.8423167742266,0.35580001240428166
CS_20200217_BHNUK7.wav,1,CS,18.9271444846036,0.9989581245983157
CS_20200217_DV13MW.wav,1,CS,17.8249716504438,0.9996124816120213
CS_20200217_EV2U53.wav,1,CS,23.0317551956748,0.9802873459018302
CS_20200217_EYH1TP.wav,1,CS,12.388482686404,0.13092499909198702
CS_20200217_F2KWLM.wav,1,CS,13.668714056428,0.5691320489259233
CS_20200217_F3TRVD.wav,0,CS,17.6828641366071,0.2559457553551146
CS_20200217_FJ5P39.wav,1,CS,23.8609770935199,0.9988187217386554
CS_20200217_G6FS25.wav,1,CS,21.1878002281373,0.9994176443029481
CS_20200217_GIBNNE.wav,1,CS,23.610008996379,0.9979306454122425
CS_20200217_GTCA8B.wav,1,CS,16.7763653427938,0.5872960719049701
CS_20200217_IFUOOU.wav,1,CS,13.9367057744086,0.7661537263423696
CS_20200217_K4KAOA.wav,1,CS,21.0323638655225,0.9831210314521235
CS_20200217_KCSA7T.wav,1,CS,17.5736393741091,0.6946080776245579
CS_20200217_KCW0HZ.wav,1,CS,23.0210492747304,0.9990951864582834
CS_20200217_L2CFM3.wav,1,CS,31.1598014282913,0.983861523781945
CS_20200217_LOFXQG.wav,0,CS,16.2799992848129,0.1118311224525875
CS_20200217_N1Y93F.wav,1,CS,13.2923681512741,0.2528738983943726
CS_20200217_OJMW8Y.wav,1,CS,18.2558370650102,0.9999945164027223
CS_20200217_OXP5TY.wav,1,CS,20.5941968353095,0.9977626899281669
CS_20200217_PIQO1B.wav,1,CS,35.0552447768692,0.9829322229860379
CS_20200217_T3LHSB.wav,1,CS,18.3808264484058,0.6290162101294569
CS_20200217_UUKZBD.wav,1,CS,22.9651510580226,0.999889862750156
CS_20200217_VR1YZP.wav,1,CS,20.6276749333944,0.9346978976052783
CS_20200217_Z46JSS.wav,1,CS,23.7238585368617,0.999653221266674
CS_20200218_1DPDGO.wav,0,CS,9.23822587522086,0.2667453123113296
CS_20200218_1TNO8A.wav,1,CS,15.9556234656127,0.22480675028542196
CS_20200218_1TZG27.wav,1,CS,28.3964289608944,0.997434657478766
CS_20200218_471XPY.wav,1,CS,16.1793200450193,0.9283549609234244
CS_20200218_50MCPQ.wav,1,CS,11.2630031192846,0.5811426997802073
CS_20200218_5FBVIB.wav,0,CS,13.3961891651585,0.09030389977229034
CS_20200218_7NB1O6.wav,1,CS,11.5461015414644,0.5648403396230565
CS_20200218_7UI5ZQ.wav,0,CS,13.9210691963796,0.024252139453647917
CS_20200218_84BUJC.wav,1,CS,29.325259347607,0.9972103197460181
CS_20200218_8RGGPT.wav,1,CS,17.1851090385171,0.9984790605316115
CS_20200218_9ATJVO.wav,0,CS,12.284656200126,0.07791439714664906
CS_20200218_9FCAL7.wav,0,CS,16.467000036295,0.04296297453038866
CS_20200218_AEUXJS.wav,0,CS,12.1195699391698,0.12767669846207413
CS_20200218_CP8EMZ.wav,0,CS,12.9893847652903,0.09720646341823093
CS_20200218_FLYZMF.wav,0,CS,11.2006381594108,0.16508666990622073
CS_20200218_HLDQ07.wav,0,CS,13.0286329573612,0.16627589684392846
CS_20200218_I1B74P.wav,0,CS,15.1266742912221,0.12285420705742478
CS_20200218_IV5XKI.wav,0,CS,13.8802146489381,0.195982905493803
CS_20200218_LFV39H.wav,0,CS,13.1765173830037,0.05761377133088265
CS_20200218_NEUEN6.wav,0,CS,12.4654603595216,0.08640304367275943
CS_20200218_P4WREA.wav,0,CS,11.6158968683835,0.24478483144353075
CS_20200218_PVNYFH.wav,1,CS,12.0434742638097,0.9582990773533494
CS_20200218_PY3TKN.wav,0,CS,18.3877575705739,0.11757188478463666
CS_20200218_QA807Q.wav,0,CS,14.8756360521253,0.08735159372694086
CS_20200218_QSADPW.wav,1,CS,30.6977410639041,0.9989814414748804
CS_20200218_R6F1HS.wav,0,CS,13.1152051231916,0.16899074896193514
CS_20200218_S8P8H1.wav,0,CS,11.1150349065132,0.06071747777026933
CS_20200218_SV4IDT.wav,0,CS,9.73301960104755,0.2620782169495333
CS_20200218_UED21I.wav,0,CS,13.0082015832292,0.07828208702745405
CS_20200218_UM3UCY.wav,1,CS,19.1119699544227,0.9550209534768768
CS_20200218_W0ZCYM.wav,1,CS,23.7050570561888,0.999969006545237
CS_20200218_XB6O5O.wav,1,CS,19.1522900423769,0.4385543629250276
CS_20200218_YGT6QX.wav,0,CS,14.1611370558428,0.05335699835859348
CS_20200218_Z525UJ.wav,0,CS,15.7743941383783,0.039077115838720956
CS_20200219_2FTG82.wav,0,CS,11.1847568639097,0.09540055461280228
CS_20200219_37KZYV.wav,0,CS,12.148230297295,0.03206960713276969
CS_20200219_48XVOS.wav,0,CS,9.75283680321339,0.22804262225688396
CS_20200219_52LR46.wav,1,CS,11.4303305813801,0.1409435244469906
CS_20200219_5JM39L.wav,0,CS,15.6576732808223,0.16840650094920878
CS_20200219_5O36MN.wav,1,CS,20.245631968023,0.9905658632131569
CS_20200219_5U4VI8.wav,0,CS,11.2061355225424,0.061778760084562206
CS_20200219_5V8UHI.wav,1,CS,19.3290926716763,0.8236955799369646
CS_20200219_8MHFO8.wav,1,CS,14.5460900508039,0.9722744526770073
CS_20200219_9BZ4U5.wav,0,CS,8.51481433657401,0.010359918931672327
CS_20200219_AFUSG1.wav,1,CS,9.15741620345399,0.08441761916944215
CS_20200219_C97RZ6.wav,1,CS,10.9772984289317,0.4118420572563278
CS_20200219_CGFUHG.wav,1,CS,16.0078510295851,0.6228256662152566
CS_20200219_CSARYL.wav,0,CS,16.5433336141117,0.11953763139163931
CS_20200219_DADMM8.wav,0,CS,11.7470680428164,0.088130868394166
CS_20200219_E5BJH7.wav,0,CS,11.6335743213625,0.15780572281505928
CS_20200219_EAP2IL.wav,0,CS,11.5333316612281,0.041806992151306635
CS_20200219_FGB2QA.wav,1,CS,25.203625506114,0.99937454266226
CS_20200219_GTEPDS.wav,0,CS,10.7465795434967,0.009431144951105372
CS_20200219_I1CZXO.wav,0,CS,12.8521856466492,0.09191768771660433
CS_20200219_IEWVBL.wav,0,CS,15.1168890875782,0.32855675282142
CS_20200219_KI87IF.wav,1,CS,21.4524016536927,0.9889232825117723
CS_20200219_LT55W4.wav,0,CS,10.0789685793086,0.08859905810677846
CS_20200219_M2ZTZ8.wav,0,CS,19.8004274930383,0.0621633237936835
CS_20200219_MA7RJB.wav,1,CS,10.6904655453769,0.23518907299660782
CS_20200219_N1CDJS.wav,0,CS,12.4631956101596,0.08939176329959121
CS_20200219_NDMT1Z.wav,0,CS,11.3495443869247,0.2403635585638715
CS_20200219_OYPJWA.wav,1,CS,28.8779063369645,0.995572350482367
CS_20200219_PNZ4KL.wav,0,CS,9.74296114898327,0.12289319919950402
CS_20200219_PPZUXA.wav,1,CS,10.9733404914386,0.16008116925310345
CS_20200219_PS9NZE.wav,0,CS,10.1744041241175,0.07828012734206788
CS_20200219_QNA02Q.wav,0,CS,15.3168452914224,0.12134960530115511
CS_20200219_SGZLG1.wav,1,CS,17.6225976837641,0.2353192554777205
CS_20200219_SKP84W.wav,1,CS,29.6247528932054,0.9970725892015672
CS_20200219_W7G0L7.wav,0,CS,9.36596076065749,0.053380385231349824
CS_20200219_X74GE8.wav,0,CS,12.504396819581,0.22121931105242335
CS_20200219_XCTS7L.wav,0,CS,14.2601810124604,0.30161691795926593
CS_20200220_0UJOI6.wav,0,CS,9.51281571404153,0.06523507306641965
CS_20200220_1LSPRD.wav,0,CS,11.1117503877945,0.090995433652322
CS_20200220_22ZYDH.wav,0,CS,10.5045273155505,0.08520536904001935
CS_20200220_3DM9HM.wav,0,CS,10.162151918777,0.10071695211597124
CS_20200220_3GPECC.wav,0,CS,12.6963992877624,0.03778257437337859
CS_20200220_3OMV4Q.wav,0,CS,14.6705763674828,0.04351404803621337
CS_20200220_3SXF4T.wav,1,CS,10.0666951528921,0.3672855152393117
CS_20200220_68N1R9.wav,0,CS,9.45756340052468,0.11074335992920481
CS_20200220_8H9VQI.wav,0,CS,10.9187616807319,0.22615981666592194
CS_20200220_AGR33J.wav,0,CS,9.87739086583908,0.034294123133602986
CS_20200220_BQ4LXV.wav,0,CS,13.0587526167013,0.11822395697506506
CS_20200220_DSF7F8.wav,0,CS,11.8161919514059,0.20519349528522557
CS_20200220_F0JRWM.wav,0,CS,9.19063743297315,0.7129596743569148
CS_20200220_FEHGPC.wav,1,CS,8.90836187302679,0.31896878031431986
CS_20200220_FI7CO7.wav,0,CS,8.07889530815385,0.046238393075346655
CS_20200220_GRGFIX.wav,0,CS,12.0364614334886,0.05855082447859811
CS_20200220_IKANEC.wav,0,CS,8.65986241594379,0.09087049121132362
CS_20200220_LL1R3E.wav,0,CS,14.586439994854,0.053296720750144376
CS_20200220_M0IIA7.wav,0,CS,11.507284021985,0.05643876804381059
CS_20200220_N7HZ8E.wav,0,CS,10.199868094517,0.15150647394925118
CS_20200220_NRKORI.wav,0,CS,11.1353381327926,0.07460737124378664
CS_20200220_OSDEU5.wav,0,CS,11.4366049149735,0.09238634483406298
CS_20200220_S96MBG.wav,1,CS,9.78299201826003,0.5170721600042887
CS_20200220_UPXO14.wav,0,CS,9.60040250929986,0.14857956271203682
CS_20200220_UQGM2C.wav,0,CS,11.2438786513907,0.016965565343547154
CS_20200220_UX18JO.wav,0,CS,14.7531748839271,0.1486546276833605
CS_20200220_YCIM11.wav,0,CS,11.2504066780841,0.0983580241753065
CS_20200220_YUTV23.wav,0,CS,9.51079993767744,0.06263791269489787
CS_20200220_ZXNAKB.wav,0,CS,9.87580929939923,0.16122467061797677
CS_20200221_07CIJO.wav,1,CS,27.5680671843415,0.9598329619568337
CS_20200221_0U3LCD.wav,0,CS,10.278400357117,0.08925957347203346
CS_20200221_2UAUHW.wav,1,CS,11.6118637131894,0.6140426102752622
CS_20200221_3ASGIH.wav,1,CS,9.82443595001748,0.18978058459720176
CS_20200221_5V5YZA.wav,1,CS,17.5242354112574,0.9887364352989212
CS_20200221_7HTBQK.wav,1,CS,35.9992980313866,0.9962906657819641
CS_20200221_8P13I5.wav,1,CS,12.3689122631658,0.9902838102114447
CS_20200221_92UTZB.wav,1,CS,28.3003678161397,0.9993441832548222
CS_20200221_B1WO8B.wav,1,CS,23.0160223848264,0.9990898317934204
CS_20200221_CALES1.wav,1,CS,16.7924752280305,0.6282175694489303
CS_20200221_CYC5L4.wav,1,CS,20.0736038962161,0.8162923559683669
CS_20200221_DGNJZZ.wav,1,CS,36.7763089830107,0.9997003976430322
CS_20200221_EL8EL5.wav,1,CS,21.2946484744874,0.9999462394998376
CS_20200221_F0WBZN.wav,1,CS,23.2408642142309,0.9718975366509999
CS_20200221_IKH918.wav,1,CS,18.0118311178458,0.9901691404209255
CS_20200221_MB94XU.wav,0,CS,8.87799896918295,0.06065403291435566
CS_20200221_MD9SL4.wav,1,CS,23.7949855504304,0.9999194210120018
CS_20200221_MN7LYJ.wav,0,CS,8.68572751549993,0.13685716977450813
CS_20200221_ONF0GL.wav,1,CS,8.74826160538421,0.29356004456670126
CS_20200221_PA03KE.wav,1,CS,20.7342993998641,0.8771986794498273
CS_20200221_SGX1WN.wav,0,CS,10.1630261647735,0.15198948846432614
CS_20200221_SHWAWQ.wav,1,CS,13.1300479453768,0.5723389291534444
CS_20200221_TKZO1R.wav,1,CS,21.5733239990425,0.9865693744409844
CS_20200221_W6MH0M.wav,0,CS,30.3234455228779,0.27859931252814624
CS_20200221_W8VDFC.wav,0,CS,14.9125619266874,0.5905209959590061
CS_20200221_YQ8COR.wav,1,CS,19.6855887782972,0.9680201466488131
CS_20200221_Z3ZBIU.wav,1,CS,34.1623545977866,0.8683206592379972
CS_20200221_ZW3ULY.wav,1,CS,9.46814932972175,0.23489307947763274
CS_20200222_0H6EMR.wav,1,CS,35.7585422367545,0.9629679104293121
CS_20200222_39MB6V.wav,0,CS,14.1068801497039,0.16742452541122968
CS_20200222_5HS3Y0.wav,0,CS,10.0723516121147,0.372498397763932
CS_20200222_5VADS3.wav,1,CS,17.0155012689526,0.9977273258124916
CS_20200222_5W0HNK.wav,1,CS,24.267176644366,0.99963023035018
CS_20200222_8AKBW0.wav,1,CS,15.3679369299502,0.7642164115452513
CS_20200222_8HF6XN.wav,1,CS,38.0407244936314,0.9997418593267574
CS_20200222_AB87H4.wav,0,CS,22.423418643555,0.08868720872223276
CS_20200222_AG0K4I.wav,1,CS,25.2561276722051,0.9991307668404458
CS_20200222_AJXIHQ.wav,0,CS,11.326709957966,0.49808918819067066
CS_20200222_AZ9EIY.wav,1,CS,11.1653808581588,0.6375789058677617
CS_20200222_CD502Y.wav,1,CS,11.5860552362125,0.903612986837121
CS_20200222_F2Q4VP.wav,1,CS,31.6973869485118,0.9993506121672436
CS_20200222_G3OMV1.wav,0,CS,13.8521734953349,0.7344391229965177
CS_20200222_GG4PFV.wav,1,CS,15.044767484755,0.1814609159190907
CS_20200222_LMAOCH.wav,0,CS,9.74784555771323,0.313513921458614
CS_20200222_M0H7VZ.wav,1,CS,16.8417451299103,0.999974847472739
CS_20200222_P4NUR5.wav,1,CS,24.0595187886576,0.9993394211629166
CS_20200222_PAFFMS.wav,1,CS,24.1058645334385,0.9792982400251525
CS_20200222_QBS72Z.wav,1,CS,32.1192562060192,0.9992704948873816
CS_20200222_QHCUSI.wav,0,CS,10.617264159478,0.5010925520274256
CS_20200222_WPDY1V.wav,1,CS,17.0074825722574,0.999570911546744
CS_20200222_WZLVON.wav,1,CS,26.5594771469272,0.9968869151074731
CS_20200222_Z86A3T.wav,1,CS,38.0445033849396,0.9792988109639604
CS_20200222_ZJUOAE.wav,1,CS,36.9605579666359,0.9973525940001949
CS_20200222_ZLNJJ6.wav,1,CS,26.4376605680187,0.9989323106804852
CS_20200223_00RZO7.wav,0,CS,18.8010701724227,0.1843418238170002
CS_20200223_0XO0M9.wav,1,CS,10.7426071928157,0.7939365340526093
CS_20200223_20Q1U2.wav,1,CS,19.3721407457136,0.9121686983072994
CS_20200223_3BY30V.wav,1,CS,10.6947397825022,0.601140048816797
CS_20200223_4YUCWT.wav,1,CS,21.5929016524461,0.795493661510114
CS_20200223_6FA0GP.wav,1,CS,18.4447759474732,0.9440858746966575
CS_20200223_9U89EM.wav,1,CS,32.0024859714129,0.991868521116475
CS_20200223_A0DIWD.wav,1,CS,29.6523465794107,0.998304029654952
CS_20200223_BYN2GL.wav,1,CS,22.4103504583696,0.9988812816208492
CS_20200223_C1DH7M.wav,1,CS,23.1360667543673,0.9977422780102845
CS_20200223_CJLVBK.wav,1,CS,29.6322811347755,0.9965849125034903
CS_20200223_D103RS.wav,0,CS,22.1407214715988,0.25194990052096683
CS_20200223_DZY196.wav,1,CS,19.6839013185821,0.9628432334979681
CS_20200223_EDRHMU.wav,1,CS,20.583407168539,0.997100203481625
CS_20200223_EHF7PM.wav,1,CS,22.471886569587,0.9992416891627005
CS_20200223_EK5UT5.wav,0,CS,20.2570519071013,0.31047460224659934
CS_20200223_F5Q68H.wav,1,CS,13.4556343330148,0.9775564051603143
CS_20200223_H5IBCH.wav,1,CS,24.5346700531312,0.9999610200823912
CS_20200223_I7VHF0.wav,1,CS,23.5453232880435,0.999493855245752
CS_20200223_IVK8Z9.wav,1,CS,15.8569308623245,0.9812250792180242
CS_20200223_IXXEUN.wav,1,CS,29.503831009962,0.9998604253986084
CS_20200223_J8BQA2.wav,1,CS,23.8614888456045,0.916776237495935
CS_20200223_K9ONIE.wav,1,CS,24.5837956942646,0.9998470778750265
CS_20200223_KN6Q7Q.wav,1,CS,32.4639662644476,0.8385996521451675
CS_20200223_L2HKTJ.wav,1,CS,21.5726147030361,0.9986782876771055
CS_20200223_LQJ15H.wav,1,CS,39.9367991762387,0.9986553416500134
CS_20200223_MWCENU.wav,1,CS,12.438313965635,0.9323170042453888
CS_20200223_QKJ1U1.wav,1,CS,30.0861313855939,0.9998203838716296
CS_20200223_S1CIPH.wav,1,CS,14.6105749966078,0.5358121205778152
CS_20200223_U8OF0S.wav,1,CS,32.5622197544171,0.5020965949471117
CS_20200223_V7NVF8.wav,1,CS,8.55910217619631,0.7262093147528589
CS_20200223_VPI6LM.wav,1,CS,32.8362780885946,0.9983427616434815
CS_20200223_VYID0A.wav,1,CS,19.0452752474973,0.9959329747304569
CS_20200223_XZKP8V.wav,1,CS,20.7965292873579,0.9791060969825539
CS_20200223_Y9ZRJY.wav,1,CS,17.242813048608,0.9745792429451706
CS_20200223_ZX30RH.wav,0,CS,9.3732495570062,0.7662965839105318
CS_20200225_7RZD6O.wav,1,CS,12.6749437739674,0.14644894002526873
CS_20200225_81RCXD.wav,1,CS,22.1327800847754,0.9988643920526277
CS_20200225_C6QYWS.wav,1,CS,18.7744379056797,0.9957607264615828
CS_20200225_EOJNUX.wav,1,CS,10.6223954509437,0.35916308776745154
CS_20200225_FK24J8.wav,1,CS,17.7532346147128,0.9929078752334592
CS_20200225_GRAB4C.wav,1,CS,10.8584883777386,0.23048816532930635
CS_20200225_KT6A91.wav,1,CS,14.2591631572932,0.0903206086968428
CS_20200225_LXNW4V.wav,1,CS,26.7646593382807,0.9989499163667025
CS_20200225_M0DXS4.wav,1,CS,12.4531603658568,0.1891555078950944
CS_20200225_M24RTM.wav,1,CS,12.2486830407075,0.9129364669973806
CS_20200225_NGE9C6.wav,1,CS,8.64929108119596,0.31055266922199193
CS_20200225_PIQAOV.wav,1,CS,15.7185023639616,0.9536267264165176
CS_20200225_PMV9X0.wav,1,CS,15.0137192450295,0.49109988953760625
CS_20200225_RO9TI1.wav,1,CS,17.1189453766471,0.9823216014097939
CS_20200226_09RYHG.wav,0,CS,9.89625598338116,0.2261743757240998
CS_20200226_19TM9I.wav,0,CS,10.3602377812467,0.07774381278378001
CS_20200226_2HCDBJ.wav,1,CS,30.4711719509846,0.9999281219647156
CS_20200226_2VTXW5.wav,1,CS,27.1281762195714,0.47561907141696264
CS_20200226_5A130R.wav,0,CS,9.4737049166673,0.10326605747178587
CS_20200226_97Q33E.wav,0,CS,9.54937171864341,0.2583526121198177
CS_20200226_9NB1X9.wav,0,CS,10.3325697250598,0.11504173226936729
CS_20200226_9UZMUK.wav,1,CS,27.0276193639517,0.9999924898711537
CS_20200226_9ZIQ79.wav,1,CS,21.6745720862329,0.9986010123758684
CS_20200226_BLSYQF.wav,1,CS,23.8873246362307,0.9971723867160222
CS_20200226_BYVSJ5.wav,1,CS,11.7466447729082,0.575682899934903
CS_20200226_CM5ZXC.wav,0,CS,10.3423613283203,0.6451767930730936
CS_20200226_D13G62.wav,1,CS,13.8038462060524,0.4354896084377944
CS_20200226_F9QHA4.wav,1,CS,16.4515838617528,0.9848145507800126
CS_20200226_FWV9PC.wav,1,CS,36.6037314877992,0.9995829415001098
CS_20200226_HU53BP.wav,1,CS,26.0530078394387,0.9999886752461923
CS_20200226_IATLIF.wav,0,CS,9.88535124314111,0.09525430105612448
CS_20200226_JP0ZRV.wav,1,CS,17.8295133292534,0.3926443688068235
CS_20200226_JY1QU8.wav,1,CS,11.6724130975824,0.030717982189101434
CS_20200226_L7BSRP.wav,1,CS,34.7492825028941,0.9998510105911973
CS_20200226_MIF8H5.wav,0,CS,14.9662789872558,0.12922406698872643
CS_20200226_MQF0RL.wav,1,CS,24.6514437302563,0.20634161559465428
CS_20200226_NJ9GJO.wav,0,CS,9.45137293376988,0.13438762772045307
CS_20200226_OPQECJ.wav,0,CS,16.5200482907888,0.056396424287994816
CS_20200226_P9NIOQ.wav,0,CS,9.95477497149344,0.2529301249160784
CS_20200226_RP4SJB.wav,1,CS,26.2037608205449,0.9999802116501774
CS_20200226_TP3QVY.wav,0,CS,19.0905018145994,0.9921918454985533
CS_20200226_V5I8KU.wav,1,CS,29.0457020574196,0.9997522252927893
CS_20200226_VVKG0Y.wav,1,CS,19.897320678761,0.9947261280284552
CS_20200226_Z46N0B.wav,1,CS,12.8035074528141,0.09581142022268364
CS_20200226_ZMIV1X.wav,1,CS,45.383939018302,0.9259803656473563
CS_20200227_3Q1EHG.wav,0,CS,10.2144474302938,0.13616934919461982
CS_20200227_56650E.wav,0,CS,13.1687389282223,0.032817907617140464
CS_20200227_6D9B2W.wav,0,CS,15.7945585270308,0.06751865410120145
CS_20200227_6W0NYP.wav,0,CS,15.3289288509878,0.054959482443435355
CS_20200227_6Z60FK.wav,0,CS,8.23778003489182,0.12132333788806879
CS_20200227_7N3J8L.wav,0,CS,11.5657171981364,0.07975023726514417
CS_20200227_84QXCX.wav,0,CS,12.2902183736607,0.1279367116222976
CS_20200227_D4CBRK.wav,0,CS,12.1575647731442,0.0810989166464728
CS_20200227_DFUDDC.wav,0,CS,11.3979814909485,0.1032345479802317
CS_20200227_E23I35.wav,0,CS,8.50602593027904,0.08836826636729708
CS_20200227_E4GQO7.wav,0,CS,10.7617917655283,0.18058209474575232
CS_20200227_EDNGXQ.wav,0,CS,10.8749500353173,0.10207757273059766
CS_20200227_F7120S.wav,0,CS,12.4166380691588,0.3386479962400858
CS_20200227_FDQHRL.wav,0,CS,15.5400807831031,0.0534998331337916
CS_20200227_JQJBMS.wav,0,CS,12.9493132369485,0.07305877101580652
CS_20200227_JVXKEN.wav,0,CS,12.3922315352299,0.1596445324045195
CS_20200227_KV0PYE.wav,0,CS,10.2552316277292,0.09228842235544973
CS_20200227_N5EI1L.wav,0,CS,11.4622275966033,0.05992718573629033
CS_20200227_O8Y8WA.wav,0,CS,19.5949235238977,0.09595685907964384
CS_20200227_OAM626.wav,0,CS,11.1003852934634,0.04859806368192723
CS_20200227_OK8QDU.wav,0,CS,9.05107868114185,0.05460458869597483
CS_20200227_Q3QE9G.wav,0,CS,14.3588082127218,0.18240173510061883
CS_20200227_Q5JLKB.wav,0,CS,10.2626382970299,0.15862414290008148
CS_20200227_QKAZ4Z.wav,0,CS,14.3826822210802,0.07836985654269872
CS_20200227_QQ3H19.wav,0,CS,9.63348598578296,0.0740789266412821
CS_20200227_SDMYGV.wav,0,CS,12.8283976049386,0.06870957624115952
CS_20200227_U1FUA7.wav,0,CS,10.7065004063477,0.05279284825715558
CS_20200227_UIZ3FH.wav,0,CS,13.137125992188,0.07008764043266416
CS_20200227_V6AXE8.wav,0,CS,14.4799166128039,0.1140190953716829
CS_20200227_VE6A0P.wav,0,CS,14.4328651045365,0.0798241977313908
CS_20200227_VUECJF.wav,0,CS,9.43121905871245,0.094396418898026
CS_20200227_XAJA50.wav,1,CS,18.6440477106135,0.6266532092630236
CS_20200227_XDUYSF.wav,0,CS,12.8676536155481,0.06492606420834393
CS_20200227_XJKJC8.wav,0,CS,14.4402783051049,0.1824138686457085
CS_20200227_Z2S5Q8.wav,0,CS,11.9384331653958,0.05540563167319774
CS_20200228_129GQJ.wav,0,CS,10.8726314200415,0.16663469815207838
CS_20200228_14ZMDM.wav,0,CS,9.94462611096919,0.14343103257412657
CS_20200228_2G7IUC.wav,0,CS,10.1453569160306,0.06863370564337826
CS_20200228_3FF9S8.wav,1,CS,8.96665896350341,0.3293661946684654
CS_20200228_6LGF2E.wav,0,CS,11.3627599293224,0.10441404630710335
CS_20200228_759T56.wav,0,CS,13.5608048066401,0.4146695000975219
CS_20200228_867SFG.wav,0,CS,12.6178766732062,0.13824982709997571
CS_20200228_877TT0.wav,0,CS,10.1255596350842,0.04868912751542425
CS_20200228_8MCEQ4.wav,0,CS,13.0068913811894,0.1007377973768221
CS_20200228_8Y071L.wav,0,CS,9.4946074383617,0.09618522302949438
CS_20200228_9AFIRI.wav,0,CS,9.69075392868683,0.15210086779899504
CS_20200228_BGGOAI.wav,0,CS,10.6249341535911,0.0910186719662423
CS_20200228_BTGDK1.wav,1,CS,9.79266507575374,0.9227681037085715
CS_20200228_CBD0NU.wav,0,CS,9.06214870167857,0.06627165016821289
CS_20200228_DXB4EF.wav,0,CS,10.3015195418627,0.05174044887689673
CS_20200228_E111WO.wav,0,CS,12.1565845568137,0.1160905066502172
CS_20200228_EAEL0B.wav,0,CS,11.9720902583905,0.05280313267098747
CS_20200228_FMWC15.wav,0,CS,13.8553739475492,0.3006399377375878
CS_20200228_GRN8U5.wav,0,CS,11.962268538883,0.04973505676392967
CS_20200228_HCB13R.wav,0,CS,12.2787592503529,0.05376734171754977
CS_20200228_HDKV5Q.wav,0,CS,10.5732083787168,0.06665218495776491
CS_20200228_HJMYJV.wav,0,CS,13.7822438236656,0.08128403287476375
CS_20200228_HT6L5Q.wav,0,CS,10.314821814405,0.06510496005186751
CS_20200228_OFHHWF.wav,1,CS,16.6238047284551,0.580560401655575
CS_20200228_Q0V1PJ.wav,0,CS,10.851225263483,0.06894074879755861
CS_20200228_QWF9UL.wav,0,CS,10.7451966131898,0.16447968071805727
CS_20200228_SWNZ75.wav,0,CS,9.67916593614643,0.0718924965128034
CS_20200228_T9YMW4.wav,1,CS,10.5247249214381,0.6744938115453695
CS_20200228_UHJA5D.wav,0,CS,12.6994867172951,0.06793174012122205
CS_20200228_UKMZEL.wav,0,CS,8.23912647384488,0.04198454154715426
CS_20200228_UN467D.wav,0,CS,10.7905426038944,0.08637550574052925
CS_20200228_V61GYF.wav,0,CS,11.6286322350887,0.1858005250177172
CS_20200228_V8QN9R.wav,1,CS,18.6738988076953,0.7631352078176865
CS_20200228_VBX2A4.wav,0,CS,10.6256178642975,0.16029164211217936
CS_20200228_Z4PAA6.wav,0,CS,10.3818793147045,0.06425356258267473
CS_20200228_ZDECZA.wav,0,CS,10.7486868915904,0.0689608867635193
CS_20200229_30GLGH.wav,1,CS,12.5590203998803,0.9815014204161058
CS_20200229_4DA9XY.wav,0,CS,8.00389061657084,0.10429877492924547
CS_20200229_7TLV5E.wav,1,CS,18.3422000289112,0.26171537199855827
CS_20200229_8D312C.wav,1,CS,24.8671520065924,0.999355374370647
CS_20200229_91NPHT.wav,1,CS,20.5158220063138,0.3058895432846392
CS_20200229_92MDKL.wav,1,CS,29.287854547278,0.9999670993193821
CS_20200229_9W4WW7.wav,1,CS,16.9165100458952,0.9996361864464225
CS_20200229_ASYB6R.wav,1,CS,25.2311161583408,0.999217050817154
CS_20200229_B68H7Q.wav,1,CS,8.33854621487978,0.3442349273610923
CS_20200229_CKR2MH.wav,0,CS,11.9445481872444,0.1899081340987444
CS_20200229_DCSRAZ.wav,0,CS,13.6345862227624,0.18448737943409127
CS_20200229_F2SR5U.wav,1,CS,22.4526927338552,0.9819696142119115
CS_20200229_F9JT6C.wav,1,CS,30.7452810401423,0.42463532931070136
CS_20200229_G00LCX.wav,0,CS,21.2914675704177,0.2057713171701502
CS_20200229_G08UF9.wav,1,CS,21.6432968421834,0.9956471485813534
CS_20200229_GXPFLP.wav,1,CS,9.90423326222358,0.15739739400122715
CS_20200229_L8CK4F.wav,1,CS,18.7210817614,0.9956698386405127
CS_20200229_LMYG52.wav,0,CS,18.3431206809402,0.27224748668494503
CS_20200229_PJHXSK.wav,1,CS,21.4809661814821,0.9951648789323646
CS_20200229_Q09W9C.wav,0,CS,11.6349375542641,0.2432665642724488
CS_20200229_R57GTF.wav,1,CS,12.5593638565953,0.7760183055027137
CS_20200229_S8ROEU.wav,1,CS,10.3374921730819,0.19144253276449558
CS_20200229_T4J6IM.wav,0,CS,14.5237341256923,0.1451794413985463
CS_20200229_TA0I5N.wav,0,CS,26.3647640133791,0.42959165613260775
CS_20200229_WQS3YN.wav,1,CS,29.7526381889922,0.9999830725678546
CS_20200229_XA5MW2.wav,1,CS,30.3766759895258,0.9974447385473438
CS_20200229_YTPIOQ.wav,1,CS,18.082327184861,0.22046821308022177
CS_20200229_ZPTHKD.wav,0,CS,11.6792640311042,0.11100715188534108
CS_20200229_ZU5Q8O.wav,1,CS,24.8463883807003,0.9999207321075279
CS_20200301_2WU3HH.wav,1,CS,25.9554270538895,0.9995012387846677
CS_20200301_4HF3NZ.wav,0,CS,12.3505495272388,0.049165940144520213
CS_20200301_4M69JY.wav,1,CS,24.077620534655,0.9999619736836097
CS_20200301_4Y9W7R.wav,1,CS,12.7802093585864,0.9445454219766362
CS_20200301_6K2FZ8.wav,1,CS,22.0004937503588,0.9598656940738152
CS_20200301_6RFRW4.wav,1,CS,17.2576598746872,0.9996808594195826
CS_20200301_7RC2HO.wav,1,CS,19.6988810879145,0.9895387570074247
CS_20200301_7UZOJ1.wav,0,CS,10.1858141015545,0.05402109085378112
CS_20200301_8WOZTU.wav,0,CS,10.9426702175602,0.058471824582434086
CS_20200301_9D3TI4.wav,1,CS,13.1152197521313,0.1942585216682832
CS_20200301_DEK4XO.wav,1,CS,8.73208580752685,0.2283599535226052
CS_20200301_FLW3VM.wav,0,CS,10.0420288825725,0.21464900380648305
CS_20200301_G54GMD.wav,1,CS,11.9908303037106,0.29363441854075223
CS_20200301_G5S0ZW.wav,1,CS,28.422473580685,0.9992653763630557
CS_20200301_J80STY.wav,1,CS,16.4693633488912,0.999133265852649
CS_20200301_JOE2ON.wav,1,CS,25.1627667687363,0.9990870949796722
CS_20200301_KNV9LD.wav,1,CS,20.6646568128169,0.9879432087007685
CS_20200301_KUNT9S.wav,0,CS,14.6569859983972,0.7979967473435747
CS_20200301_LS1JH2.wav,1,CS,26.2290596586403,0.9937054484642551
CS_20200301_MGPLZH.wav,1,CS,29.2054821322339,0.9937419409600544
CS_20200301_MP6ONK.wav,0,CS,10.6363673145556,0.06807259844610603
CS_20200301_PWBXQW.wav,0,CS,12.9154255604072,0.18594189033694758
CS_20200301_R6LZ2D.wav,1,CS,21.9947201442031,0.9999790196052284
CS_20200301_RWOV7Z.wav,1,CS,24.6067839994054,0.9993812100991787
CS_20200301_SR7SD2.wav,1,CS,20.2959313698792,0.9906280948573988
CS_20200301_UO6GOU.wav,1,CS,30.0451927562542,0.9999940395710211
CS_20200301_X0CCSO.wav,1,CS,22.1070335517881,0.9999995231630692
CS_20200301_XAR4F5.wav,1,CS,23.3988280385315,0.9996653723401436
CS_20200301_XFHB9L.wav,1,CS,23.3831688446066,0.9996656105916873
CS_20200301_YRWTBN.wav,0,CS,9.79368934613689,0.04292672900163651
CS_20200301_ZMBWS4.wav,1,CS,31.2203030970799,0.9999986886995842
CS_20200302_1M7UAT.wav,1,CS,8.59328975341039,0.28898587344501653
CS_20200302_5S8I4W.wav,1,CS,23.2522870498075,0.9973579302978532
CS_20200302_63UKFX.wav,0,CS,12.363913687595,0.5051290301157654
CS_20200302_6AIJW3.wav,0,CS,8.51065089911926,0.5897723211016548
CS_20200302_6LZIFP.wav,1,CS,17.9977709875693,0.5318617579307767
CS_20200302_7WZWVH.wav,0,CS,8.81031155307532,0.20857420166955684
CS_20200302_8T4GI0.wav,0,CS,8.46103707851092,0.14282929221359855
CS_20200302_GYFYBG.wav,1,CS,9.17396247626614,0.34206826192876416
CS_20200302_IR01MC.wav,0,CS,12.4296831268055,0.27403047192593377
CS_20200302_LQ16Q1.wav,0,CS,9.61726210251059,0.683983646203742
CS_20200302_M9PEGC.wav,1,CS,22.9139938592552,0.2656477294679846
CS_20200302_MTAFHV.wav,1,CS,16.7760207087904,0.9708660593854014
CS_20200302_PPOGAU.wav,1,CS,22.3388358390091,0.9009806199405813
CS_20200302_RZJ1HJ.wav,0,CS,8.08680637956864,0.2579944023943294
CS_20200302_WVEVOP.wav,1,CS,13.7978499192236,0.5230716752326977
CS_20200305_064UO5.wav,1,CS,27.272107468768,0.9751589628441698
CS_20200305_57E88E.wav,1,CS,21.800737905706,0.9989489646246219
CS_20200305_5RHHU2.wav,0,CS,14.0879929973625,0.046617991963904856
CS_20200305_94FTTG.wav,0,CS,14.2768478862816,0.2157963102470065
CS_20200305_97DS8Z.wav,1,CS,14.3487816763619,0.21238199996603532
CS_20200305_A4COTY.wav,1,CS,35.3517598745723,0.9575072451980846
CS_20200305_BL67IV.wav,1,CS,17.2382007328881,0.7291006798380273
CS_20200305_BQ37AH.wav,1,CS,20.9671318376598,0.9953434166040923
CS_20200305_BXIWTL.wav,0,CS,12.4903139365832,0.07660634705112206
CS_20200305_C7RZPE.wav,1,CS,22.0397309775564,0.9916730565001612
CS_20200305_I7SNXW.wav,1,CS,20.9501503338382,0.9963486492438626
CS_20200305_M7WRDJ.wav,1,CS,24.961177846289,0.9914351315733527
CS_20200305_N6TDM4.wav,1,CS,25.087445012122,0.9994990951953738
CS_20200305_NG5LJJ.wav,1,CS,14.443516679741,0.617108351981211
CS_20200305_OYD5OU.wav,1,CS,31.1094303037306,0.956935872975631
CS_20200305_P00872.wav,1,CS,21.3621179425706,0.9996572715886903
CS_20200305_PDNV4T.wav,1,CS,18.6445283263765,0.9987753148989812
CS_20200305_VA0U1D.wav,1,CS,14.7890782799615,0.14310061271875754
CS_20200305_YU0UAT.wav,1,CS,30.4509597372852,0.989257638621602
CS_20200306_2QQ5X5.wav,1,CS,15.154764509166,0.9879554257819522
CS_20200306_5C4X7A.wav,1,CS,34.8678574129231,0.9984216607059939
CS_20200306_9LVCKN.wav,1,CS,24.6384572206839,0.9981929590799064
CS_20200306_9NHVJB.wav,1,CS,13.9901888338854,0.9877132341008803
CS_20200306_AV48DA.wav,1,CS,10.882270498289,0.6122352874719219
CS_20200306_BOMIKN.wav,1,CS,17.4256830317617,0.9906116008536786
CS_20200306_CB5LJX.wav,0,CS,15.4483119709254,0.11459822694005421
CS_20200306_EEFYM2.wav,1,CS,21.050887949199,0.999762353164387
CS_20200306_F6XSA2.wav,1,CS,33.3725220335855,0.9993946642435849
CS_20200306_F9G64X.wav,1,CS,20.2294589087493,0.9886712940660713
CS_20200306_FJN75H.wav,1,CS,13.3093826169801,0.782743782183277
CS_20200306_I6KO63.wav,1,CS,14.0481604145855,0.537778850026554
CS_20200306_I7S4TJ.wav,1,CS,13.7851370931711,0.979376671529421
CS_20200306_ILMXEP.wav,1,CS,14.1934927090928,0.9831943153698716
CS_20200306_JJ22B1.wav,0,CS,10.7297532185706,0.3099654834069754
CS_20200306_NEKBDQ.wav,1,CS,13.2088224839131,0.21959963108969854
CS_20200306_NFMRWH.wav,1,CS,13.3130657092187,0.11996758415215668
CS_20200306_PN8V6P.wav,1,CS,12.7369486812312,0.3097681921847894
CS_20200306_Q7V3XI.wav,1,CS,29.5240498199397,0.7525085541220097
CS_20200306_THVMFD.wav,1,CS,17.1756425227268,0.22497079351336105
CS_20200306_UK96YM.wav,1,CS,23.8614860866426,0.9999872447683118
CS_20200306_UYLCZ2.wav,1,CS,20.9005387057126,0.9997805838566004
CS_20200306_V3GFG9.wav,1,CS,25.9846809912208,0.9995494727373724
CS_20200306_V9FVH1.wav,1,CS,26.9448423746392,0.99996864893943
CS_20200306_VW6JL0.wav,1,CS,14.6195672574798,0.8490279064815776
CS_20200306_W63VH4.wav,1,CS,20.1163202813457,0.999698610564729
CS_20200306_WHVGUI.wav,1,CS,19.6169448343196,0.9928193874090341
CS_20200306_WNQ9XA.wav,1,CS,29.3136601595961,0.9998609021111264
CS_20200306_WZWSBR.wav,1,CS,16.6498982698701,0.9992305005995438
CS_20200306_X7WR3B.wav,0,CS,12.7530399399614,0.130733011962653
CS_20200306_YB94D2.wav,1,CS,29.5555700629572,0.9807367238027297
CS_20200306_Z013HW.wav,1,CS,24.7450579376989,0.999405975528573
CS_20200306_Z73REX.wav,1,CS,23.803253965759,0.9989206532708523
CS_20200306_ZE0FA7.wav,1,CS,25.7560213303118,0.9866551274337569
CS_20200307_025XQY.wav,0,CS,12.2809541360691,0.4417369096987228
CS_20200307_0CZF5U.wav,0,CS,9.64253651435351,0.18047737443174114
CS_20200307_0VLD9V.wav,1,CS,29.6248027578814,0.9999622120822376
CS_20200307_1FBKRH.wav,1,CS,13.9628958798497,0.5345560162641955
CS_20200307_2QTDG4.wav,0,CS,11.4323579621457,0.03609413131616915
CS_20200307_3OUZSO.wav,0,CS,15.4229121115661,0.061374827078467455
CS_20200307_7F0ZJC.wav,0,CS,12.6340233550188,0.176657859229654
CS_20200307_87PLG5.wav,1,CS,17.2654027500582,0.8215813852511809
CS_20200307_9VKFPP.wav,0,CS,11.7626598081854,0.3128782782422808
CS_20200307_A213AE.wav,1,CS,12.0351470775281,0.34974058891346255
CS_20200307_B1WUV9.wav,1,CS,23.8285987584838,0.8952736945667347
CS_20200307_B8PJA4.wav,1,CS,19.9892179484734,0.959141564720951
CS_20200307_BOHOUP.wav,0,CS,13.1436943807851,0.08717641265753787
CS_20200307_BOYG9U.wav,1,CS,21.5361999170774,0.8160866814858104
CS_20200307_BYKXSM.wav,1,CS,10.9605017737917,0.5155692891785896
CS_20200307_HNCGFW.wav,1,CS,18.6994763180122,0.8991131626966138
CS_20200307_HTGL6P.wav,0,CS,13.0535016389164,0.5277593914678417
CS_20200307_K3QRFC.wav,1,CS,14.0550389860553,0.7241355753025371
CS_20200307_KHTM9E.wav,0,CS,15.9652056204438,0.08100838045644426
CS_20200307_MLRLDN.wav,0,CS,14.913831825024,0.06578107150653661
CS_20200307_MY6E74.wav,1,CS,10.5152838043501,0.18340903471639866
CS_20200307_PN8RGF.wav,1,CS,9.77514759673655,0.74980329778636
CS_20200307_PQ8I9Q.wav,0,CS,14.648453343719,0.12578284409220167
CS_20200307_PV5NC3.wav,0,CS,14.6693611692966,0.7758209172779
CS_20200307_PVGTY3.wav,0,CS,11.7885522047756,0.07277401126332095
CS_20200307_Q4N3N6.wav,1,CS,13.463532328916,0.058916825851093604
CS_20200307_VG3922.wav,0,CS,12.4940068805117,0.08441081660920065
CS_20200307_WEB47T.wav,1,CS,23.42433027291,0.9744027577648643
CS_20200307_WPG2O5.wav,0,CS,15.2528058220443,0.04322923776313229
CS_20200307_WW39SQ.wav,0,CS,16.7572303312839,0.12637724597455607
CS_20200307_XEUXQV.wav,1,CS,29.9343280826618,0.9808525456839045
CS_20200307_XPN6ZS.wav,1,CS,23.6414450017474,0.9991385020508033
CS_20200307_YMPHR2.wav,1,CS,22.4791055761646,0.9954273939355361
CS_20200307_ZU2FMK.wav,1,CS,19.5472158807372,0.9970089522126113
CS_20200308_0SCPET.wav,0,CS,11.4777343967835,0.032440230892495966
CS_20200308_1CU0EC.wav,0,CS,9.30148783822991,0.1056709941059872
CS_20200308_3JGERT.wav,0,CS,8.98517152905198,0.14390171608132238
CS_20200308_3UOPIP.wav,0,CS,11.1041430457642,0.08604971432367615
CS_20200308_4LAZC3.wav,0,CS,12.2040244861342,0.17510158921323418
CS_20200308_67RSH0.wav,0,CS,12.8690051639548,0.034612713849583275
CS_20200308_6Z631M.wav,0,CS,11.475762115306,0.06993690967982336
CS_20200308_7ZW4I1.wav,0,CS,11.0475070800514,0.10878771682495693
CS_20200308_844U3W.wav,0,CS,15.2451838979437,0.054082497173106786
CS_20200308_8POCWA.wav,0,CS,11.9876930229876,0.0887592779078124
CS_20200308_9OPWX1.wav,0,CS,11.9990845494428,0.35702850605765485
CS_20200308_CW322H.wav,0,CS,8.98011339597308,0.38520592128103953
CS_20200308_E9EE3I.wav,0,CS,15.0389032735402,0.1479637364489895
CS_20200308_EVVBP3.wav,0,CS,12.6293510799373,0.33938652150418874
CS_20200308_GPU1F3.wav,0,CS,18.0240215367439,0.13242510318339965
CS_20200308_HBN8UA.wav,0,CS,13.2112426005988,0.6392153068371688
CS_20200308_ITX52S.wav,0,CS,12.3782925620223,0.07151496033985959
CS_20200308_JISRTN.wav,0,CS,8.31592284551903,0.15050998190539852
CS_20200308_LLS7R9.wav,1,CS,11.4176950366082,0.2734161403798948
CS_20200308_LMI7LN.wav,0,CS,13.4389750402812,0.14532286390674679
CS_20200308_MA849V.wav,0,CS,12.0846800619606,0.12029613250916067
CS_20200308_NJSHSY.wav,0,CS,15.9827698515693,0.13179628540541427
CS_20200308_NN0VRM.wav,0,CS,13.7074770004495,0.22499047923320786
CS_20200308_O0MUPF.wav,0,CS,12.4413437002141,0.2359265271598017
CS_20200308_S903GM.wav,0,CS,11.8365840281023,0.08758434496047074
CS_20200308_U9MBH4.wav,0,CS,11.3822275901775,0.03478012775230227
CS_20200308_UI7XBU.wav,0,CS,13.7586228958246,0.20343137827361035
CS_20200308_WRUD5N.wav,0,CS,11.1456699401377,0.13221802268522143
CS_20200308_YUXAAX.wav,0,CS,9.39663347100288,0.08006559686578124
CS_20200308_Z49UX3.wav,0,CS,11.3078302169489,0.0709540618431561
CS_20200308_ZBA4P3.wav,0,CS,11.7063190929988,0.17076294977150355
CS_20200308_ZQGWJT.wav,0,CS,13.2855256372525,0.10801961915477462
CS_20200309_1OH225.wav,1,CS,27.2702561336839,0.9997905931366742
CS_20200309_2RXP86.wav,0,CS,10.0093261307141,0.08108959747650786
CS_20200309_30KQS9.wav,1,CS,12.6721608727563,0.23059485312814665
CS_20200309_4XPB79.wav,1,CS,19.620302189169,0.8757731481378286
CS_20200309_59WHKZ.wav,0,CS,8.26573478820371,0.16261014466693402
CS_20200309_7AHH58.wav,0,CS,11.304297075907,0.20948154171222838
CS_20200309_8EYQVK.wav,0,CS,13.5615177156693,0.13005404633637238
CS_20200309_B7TD05.wav,0,CS,8.74285329686147,0.3087103751319632
CS_20200309_BI7LE8.wav,1,CS,19.5771098308704,0.9741977098996264
CS_20200309_BIA7IH.wav,0,CS,9.32237121538319,0.2097928508202463
CS_20200309_DUW1J8.wav,0,CS,9.88431664648499,0.058004345515774276
CS_20200309_F5JS58.wav,1,CS,11.5605538189865,0.9822772006813724
CS_20200309_FIKPBH.wav,1,CS,16.2628646922631,0.9836234118583396
CS_20200309_FW6NMT.wav,0,CS,14.8695640548732,0.17136321715291905
CS_20200309_G67LVU.wav,0,CS,9.88821505921313,0.19230026332531452
CS_20200309_M76VQH.wav,1,CS,22.0995308956735,0.9966348784257374
CS_20200309_NTZFPP.wav,1,CS,13.426126162994,0.9941165553946121
CS_20200309_NWW3BA.wav,0,CS,9.28576242907725,0.04494018243757987
CS_20200309_PGO1VG.wav,1,CS,24.5017128845121,0.9992395466535227
CS_20200309_PKOH85.wav,0,CS,8.42281745390131,0.1570218089072309
CS_20200309_S83O07.wav,0,CS,11.2618087891522,0.07948372787728669
CS_20200309_T1ZI4I.wav,1,CS,11.4370377777788,0.22914703352083315
CS_20200309_TXMV5D.wav,1,CS,15.1395604000665,0.27278734895628903
CS_20200309_WGG5MN.wav,0,CS,9.04800084766634,0.09377172937748844
CS_20200309_ZVIT2S.wav,1,CS,23.1261183896843,0.9952211963967525
CS_20200310_0S1X6A.wav,0,CS,12.4259812674848,0.050262060963505786
CS_20200310_0YCKA5.wav,0,CS,10.3461788562856,0.0553769211571668
CS_20200310_20V1GW.wav,0,CS,15.2860981573558,0.2806833599053338
CS_20200310_55VSRU.wav,1,CS,20.8617717451609,0.9978423284168408
CS_20200310_6OC3NY.wav,1,CS,23.4747914402095,0.9975448476082723
CS_20200310_7RBA1E.wav,0,CS,9.28424401499706,0.06736427682497659
CS_20200310_8VPHQT.wav,0,CS,10.9064365678608,0.21089989510988855
CS_20200310_9ZMPLP.wav,1,CS,17.8538736604474,0.9134409745324146
CS_20200310_BT3YXX.wav,1,CS,11.1543426275112,0.7638384330132004
CS_20200310_CAD4WN.wav,0,CS,8.95193136359794,0.23847478277387027
CS_20200310_DIZZUZ.wav,1,CS,14.2929239068226,0.920640869180995
CS_20200310_F0AW8W.wav,1,CS,16.3911961780099,0.9967232187421717
CS_20200310_FQTBFL.wav,0,CS,10.1262946673995,0.29109427639854274
CS_20200310_HURQ8Q.wav,0,CS,17.1829665375419,0.10232513830150258
CS_20200310_JPFIBH.wav,1,CS,18.9860662099454,0.9947983216805848
CS_20200310_KMUD83.wav,0,CS,10.20656133975,0.056010039845250346
CS_20200310_LCD9UF.wav,1,CS,18.8392735686698,0.9988737883543071
CS_20200310_MZDKTK.wav,1,CS,30.7346146460554,0.9986647338924811
CS_20200310_OOCTF9.wav,0,CS,11.6972173980854,0.043648679021037494
CS_20200310_PH306Z.wav,1,CS,16.5855783250435,0.9130658416275697
CS_20200310_PUI3L6.wav,1,CS,18.6554234353046,0.999455272034096
CS_20200310_RCDIQ4.wav,0,CS,8.5762598226689,0.21099510127694315
CS_20200310_ROI9TK.wav,1,CS,16.7367722247995,0.2283415517676651
CS_20200310_SSBFIX.wav,1,CS,17.8546690546957,0.9729300789812303
CS_20200310_TD24S5.wav,1,CS,10.4765322759544,0.04346936702328185
CS_20200310_TE4QSA.wav,0,CS,10.9176576539696,0.05442244840803114
CS_20200310_UWW587.wav,1,CS,18.7516214084762,0.9988119428820256
CS_20200310_VQEZZM.wav,1,CS,25.8650888659283,0.999070793353131
CS_20200310_W1UER9.wav,0,CS,10.016769847533,0.22133038888245735
CS_20200310_W6VDQO.wav,0,CS,11.8851624467481,0.08677993856788506
CS_20200310_XMTUKZ.wav,1,CS,12.4516372594566,0.9268613776156303
CS_20200310_ZUKV19.wav,1,CS,11.2258932931552,0.6452740736785667
CS_20200311_1NGWHK.wav,1,CS,27.5593411603779,0.9999218048193594
CS_20200311_1V895K.wav,0,CS,8.2481325650326,0.1930374176770945
CS_20200311_2ZNNG3.wav,0,CS,8.03023377998511,0.10806809884037247
CS_20200311_479B6M.wav,0,CS,10.5759729964725,0.03663178439821911
CS_20200311_47X3T3.wav,0,CS,12.1806192352619,0.06707324146865287
CS_20200311_78959Y.wav,0,CS,11.0031324965303,0.1653545528545121
CS_20200311_86GGFZ.wav,0,CS,10.4780617252467,0.0896750301260605
CS_20200311_8BCO79.wav,0,CS,14.1284232082157,0.12416088301356866
CS_20200311_90CLJ9.wav,0,CS,9.92945814057988,0.16373024932503177
CS_20200311_A8VTGD.wav,1,CS,27.6731383202299,0.9968783854871079
CS_20200311_C9AD8I.wav,0,CS,11.1909926369145,0.13218681836724322
CS_20200311_CBBZMC.wav,1,CS,22.1988363312861,0.9819569699950496
CS_20200311_CO1IGF.wav,1,CS,18.4684673478381,0.9998874790916995
CS_20200311_CZ5IIT.wav,0,CS,22.8900966239062,0.13553239716339535
CS_20200311_DLKM8S.wav,0,CS,24.8990536342967,0.21092005933756547
CS_20200311_IJHTDF.wav,0,CS,19.0202086370431,0.0668605246429831
CS_20200311_JBMAKR.wav,0,CS,17.5859772341061,0.26846112229263563
CS_20200311_JQWT6A.wav,1,CS,23.8177577622911,0.9999897481064004
CS_20200311_JTRMXS.wav,1,CS,16.852405668641,0.954853544921522
CS_20200311_K5UYVU.wav,1,CS,18.2031684806632,0.9999046416627282
CS_20200311_M2DNZK.wav,1,CS,20.7329406040017,0.9999817613105537
CS_20200311_O8876S.wav,0,CS,11.0479358892181,0.09730897776695972
CS_20200311_OPAKBS.wav,0,CS,14.4413596958456,0.18869253368628616
CS_20200311_P8VB8B.wav,0,CS,10.8248555104302,0.07765631856033027
CS_20200311_PNW37N.wav,0,CS,12.6109622627576,0.23707307675519806
CS_20200311_Q1MJ1Q.wav,0,CS,18.4344546066318,0.10865629561552184
CS_20200311_RCA1KR.wav,0,CS,13.8446520322217,0.24617575262426813
CS_20200311_W5FQKR.wav,0,CS,10.6924762480197,0.09532057032003545
CS_20200311_X39HK2.wav,1,CS,20.9196882698691,0.9937923284610445
CS_20200311_X3DOHC.wav,1,CS,10.372406548392,0.6671274982141059
CS_20200311_XIRCKE.wav,1,CS,21.5282227083031,0.9778504022411196
CS_20200311_ZHZAZU.wav,0,CS,16.532458068186,0.09832489436863605
CS_20200311_ZRTDM2.wav,0,CS,12.0381700634682,0.13987418646022964
CS_20200312_00CP4Z.wav,0,CS,37.0669034611893,0.9994426497353306
CS_20200312_1W826U.wav,0,CS,8.89559351494634,0.14411041357006887
CS_20200312_365MFW.wav,0,CS,10.606913379832,0.0789233218596709
CS_20200312_3RFNOM.wav,1,CS,15.3466544981567,0.9827053807307569
CS_20200312_3Y7XSF.wav,1,CS,22.4004255521284,0.9997418593267574
CS_20200312_3ZXJJX.wav,1,CS,17.8787363912784,0.9964842856411215
CS_20200312_4Q3KI4.wav,0,CS,12.8697806205466,0.1191371094965079
CS_20200312_4TBBD3.wav,0,CS,8.86649062389328,0.1495310241100408
CS_20200312_54CWKC.wav,1,CS,26.2007558980801,0.9119583669989227
CS_20200312_6950WQ.wav,1,CS,10.6064056925951,0.5899548294388426
CS_20200312_6A6ZGU.wav,1,CS,13.8348104101893,0.726356283719283
CS_20200312_6FX57Y.wav,1,CS,28.1704596385849,0.99987925557039
CS_20200312_7YGEQT.wav,1,CS,19.6871510136061,0.9900513424548346
CS_20200312_8MUHNS.wav,1,CS,26.9014031133735,0.961647403866178
CS_20200312_ACKDV4.wav,1,CS,20.8308025466676,0.9999589936855495
CS_20200312_CIQHPG.wav,1,CS,24.3715686723153,0.9998784213083194
CS_20200312_COJH1A.wav,1,CS,25.9927208390625,0.9999967813595916
CS_20200312_GP6ZOT.wav,1,CS,25.0660868525203,0.9854979704377718
CS_20200312_I4PDB4.wav,0,CS,8.72827077438486,0.04863192016578491
CS_20200312_K8MXW6.wav,1,CS,23.9891174741556,0.9994105001249531
CS_20200312_KXROAT.wav,1,CS,19.5071442898738,0.9996259420119524
CS_20200312_NWXE9R.wav,0,CS,12.3891475489714,0.06708509222208017
CS_20200312_OCR151.wav,1,CS,9.52773911174919,0.4084149071196954
CS_20200312_P5O15T.wav,1,CS,26.4544165360427,0.9754799927704954
CS_20200312_R6HS72.wav,1,CS,14.6239717051018,0.9940710827205326
CS_20200312_R7RL3O.wav,1,CS,19.3138805241849,0.999931697745375
CS_20200312_RLZL8X.wav,1,CS,28.7080022661687,0.9999990463265931
CS_20200312_TPO38P.wav,1,CS,28.5055060496534,0.9999737746439785
CS_20200312_U0Y7O7.wav,1,CS,24.4026294991777,0.9998209796948009
CS_20200312_U9YMEC.wav,1,CS,18.3858210073612,0.46038799943573505
CS_20200312_VSI4HD.wav,0,CS,10.3503277078093,0.08956550219790681
CS_20200312_Y01HAY.wav,1,CS,15.3474784918958,0.988209609930764
CS_20200312_ZJ28NA.wav,1,CS,26.7067896157507,0.9998896243796895
CS_20200312_ZRY2H0.wav,1,CS,17.0295555985382,0.9964461711939353
CS_20200313_073FHL.wav,1,CS,27.7335747386635,0.998041301405868
CS_20200313_0J93EP.wav,0,CS,8.15137806138507,0.22058409395847303
CS_20200313_1QHIKE.wav,0,CS,8.27365149229359,0.4662839231851023
CS_20200313_3D9RPX.wav,1,CS,9.71220227484659,0.27666863314274137
CS_20200313_3XI6XR.wav,1,CS,31.6800574688406,0.9959101548516837
CS_20200313_4ZQYKU.wav,1,CS,29.28630510523,0.9977702853236762
CS_20200313_78SQEA.wav,0,CS,15.8357628475093,0.2559916786975919
CS_20200313_7JRYAP.wav,1,CS,19.5606445577243,0.6230943298001876
CS_20200313_8S0YW3.wav,1,CS,29.7291338059298,0.9994047849007691
CS_20200313_97G7AN.wav,1,CS,8.05356410256753,0.26098901059678037
CS_20200313_9OHX16.wav,1,CS,11.2958375540599,0.7249252414468409
CS_20200313_DJYB8J.wav,1,CS,25.589281273903,0.9601757390898478
CS_20200313_GD6TX2.wav,1,CS,14.6321959272211,0.4745671521585059
CS_20200313_GPIEQP.wav,1,CS,22.1041104777552,0.9998357565780523
CS_20200313_KME4UP.wav,1,CS,29.0881020463782,0.9999004701515762
CS_20200313_KZH185.wav,0,CS,14.1162777892823,0.2414212759049155
CS_20200313_LY8GLO.wav,1,CS,31.8976325998035,0.9882651430817275
CS_20200313_O87IBS.wav,1,CS,20.6562291682495,0.99404434271162
CS_20200313_PAEHM5.wav,0,CS,10.6296764355084,0.1808581964464697
CS_20200313_PK6C96.wav,1,CS,19.4960996037939,0.9851861668349149
CS_20200313_PLSNTW.wav,1,CS,22.5930346452049,0.9990741250350924
CS_20200313_Q2PI2P.wav,1,CS,21.9947586486733,0.9947597461952171
CS_20200313_RVM8DX.wav,0,CS,11.4528903977812,0.06468163850313763
CS_20200313_TMMIS5.wav,1,CS,18.1570205444514,0.999199911876589
CS_20200313_UAJMYP.wav,0,CS,13.9180749364301,0.11451538821824311
CS_20200313_UKA4SY.wav,1,CS,18.4868916899249,0.8235118583405987
CS_20200313_WDPYUF.wav,1,CS,10.4605776893012,0.14504107078324047
CS_20200313_WM8KTY.wav,0,CS,28.3210900086218,0.9902958514896574
CS_20200313_YOLUST.wav,1,CS,20.931314677917,0.9985098427574659
CS_20200314_3ZR9J9.wav,0,CS,13.2034232568973,0.09580998111046338
CS_20200314_98FSLT.wav,0,CS,14.2170446067939,0.08182120090095256
CS_20200314_A84NNG.wav,0,CS,11.9399938856409,0.08774070061784056
CS_20200314_GIATBG.wav,1,CS,9.87275090861269,0.6924073565323452
CS_20200314_NIAGY7.wav,0,CS,10.2669317150025,0.2347368834140958
CS_20200314_RTWUZB.wav,0,CS,10.1079873109403,0.23009778288354077
ICE_20210528_ERUKN5.wav,1,ICE,16.893920327044,0.9999392069583942
ICE_20210530_1YS1TY.wav,1,ICE,9.02307568573336,0.9604711426406265
ICE_20210603_BJA0M6.wav,1,ICE,11.7782026480429,0.9995553087597882
ICE_20210603_ECBGUU.wav,1,ICE,12.3763096594432,0.9985896004022619
ICE_20210603_ZQGSHU.wav,1,ICE,17.888323915484,0.9990904267159959
ICE_20210604_CS15RX.wav,1,ICE,20.4701530031273,0.9999668609159512
ICE_20210605_G2C66Z.wav,1,ICE,14.2624944855284,0.9997329233347368
ICE_20210605_X29J7H.wav,1,ICE,11.0653736245343,0.9849419764234636
ICE_20210606_4JS84D.wav,1,ICE,8.34329743327081,0.9654496968021032
ICE_20210606_QDO6RZ.wav,1,ICE,10.9134880966414,0.9768580145654439
ICE_20210606_QRJYH6.wav,1,ICE,10.6067939816873,0.9313271539905909
ICE_20210608_PV97W0.wav,1,ICE,9.31223532888043,0.9731352696859631
ICE_20210608_XPEHKH.wav,1,ICE,15.4110550310187,0.9971126480217487
ICE_20210609_3E7ZUH.wav,1,ICE,15.1246797454564,0.9996990871128117
ICE_20210609_LMY5YK.wav,1,ICE,19.4888148489371,0.7720427449710153
ICE_20210613_SUWL0H.wav,1,ICE,14.8424656718562,0.9986577193774737
ICE_20210613_YFOSIT.wav,1,ICE,16.0400906688291,0.9719199448055922
ICE_20210614_2ZW9V2.wav,1,ICE,9.54479929130222,0.9263981032397093
ICE_20210614_OFN2SR.wav,1,ICE,11.4148520690118,0.47308342178657764
ICE_20210615_GQEQO9.wav,1,ICE,18.7989122623625,0.9999670993193821
ICE_20210615_ME7ZZL.wav,1,ICE,11.0563622710464,0.9829029700371354
ICE_20210617_2YZ0XF.wav,1,ICE,9.55678351154234,0.9578902562561095
ICE_20210617_XBG91B.wav,1,ICE,11.3389697057751,0.9461713958335236
ICE_20210618_2RC6CB.wav,1,ICE,11.6608346118676,0.9996448824834001
ICE_20210618_9C5Q7N.wav,1,ICE,21.2131083377508,0.8236709831669149
ICE_20210618_CH0LB8.wav,1,ICE,11.5722419391419,0.9817964174167823
ICE_20210619_D2OQDC.wav,0,ICE,8.24052932680642,0.6659129432754255
ICE_20210619_EODTZK.wav,0,ICE,12.2401248038353,0.19706797815905894
ICE_20210620_72830Q.wav,1,ICE,22.3832359318802,1.0
ICE_20210620_9NF5Q5.wav,1,ICE,18.4738109767777,0.9999662649076229
ICE_20210620_GNRT1O.wav,1,ICE,8.60032697883685,0.9472348924399434
ICE_20210622_V7S7LU.wav,0,ICE,14.2171772976135,0.48095439455493944
ICE_20210623_62C50Q.wav,0,ICE,12.7395803375144,0.3996271805593548
ICE_20210626_2YRY5V.wav,1,ICE,16.6559347647657,0.9999954700677164
ICE_20210626_BXVGTK.wav,1,ICE,26.9126300979697,0.9999750858798929
ICE_20210626_TGOR4H.wav,1,ICE,8.37219970351704,0.9931720226327341
ICE_20210626_Y6BIHH.wav,1,ICE,16.9240267538181,0.9999988079084972
ICE_20210627_A46BJM.wav,1,ICE,12.0057597304428,0.9904531163148692
ICE_20210629_XPCD0T.wav,1,ICE,13.4709230265171,0.998805401972587
ICE_20210630_CE8QRT.wav,1,ICE,8.17848198281276,0.8580038953527713
ICE_20210630_DSIIAX.wav,1,ICE,8.93447649638371,0.8163945253114359
ICE_20210701_A98RBO.wav,1,ICE,10.3554951889368,0.9983861308555173
ICE_20210701_ABDKBL.wav,1,ICE,11.863375867181,0.9922561605851226
ICE_20210702_7HIZ8W.wav,1,ICE,17.13077787476,0.9952755130396294
ICE_20210702_C64MBR.wav,1,ICE,26.612646833621,0.9946072432642
ICE_20210702_GL8KQ4.wav,1,ICE,13.5540942573872,0.9578785519123831
ICE_20210702_GQJP8P.wav,1,ICE,15.1235418636372,1.0
ICE_20210702_K3FXR1.wav,0,ICE,30.0370923569442,0.3490124826069595
ICE_20210703_86YP6Q.wav,0,ICE,15.0558942939431,0.2015687575531223
ICE_20210703_9QX9ZO.wav,1,ICE,24.5883027857266,0.6913480061367868
ICE_20210703_AP46Y4.wav,1,ICE,13.9806571501037,0.9812658262311905
ICE_20210703_RCQZIE.wav,1,ICE,12.9724814741762,0.935775618965978
ICE_20210703_X7G17O.wav,0,ICE,8.48544880460253,0.32636401287055017
ICE_20210703_Z6LXAK.wav,1,ICE,19.0245433937152,0.9995484008322466
ICE_20210704_C89658.wav,1,ICE,9.72981280666311,0.9932225879759725
ICE_20210704_OD5AYQ.wav,0,ICE,8.99397719026699,0.058198334890971884
ICE_20210704_PGZGF0.wav,0,ICE,8.50587569152389,0.41151594750989695
ICE_20210705_09UGNZ.wav,1,ICE,11.7272830817253,0.8937636242972995
ICE_20210705_69634D.wav,1,ICE,13.1815333762834,0.9958648723479778
ICE_20210706_562HXN.wav,0,ICE,12.4346736518857,0.27152251299764085
ICE_20210706_MJM94V.wav,0,ICE,33.1520848186248,0.24313763707542535
ICE_20210707_8MN2N9.wav,0,ICE,10.7760412785755,0.5107332188287766
ICE_20210707_GKOU3Q.wav,0,ICE,9.59771030812495,0.36406340514460234
ICE_20210707_UXTMYM.wav,0,ICE,12.691324141136,0.36678649978634603
ICE_20210710_P7SD4T.wav,0,ICE,28.1998342212189,0.3056298049220128
ICE_20210711_EPXQT5.wav,1,ICE,15.6806741988983,0.9997695023744665
ICE_20210711_UA2KN8.wav,1,ICE,23.2105866897977,0.9999966621509202
ICE_20210713_8ETR73.wav,1,ICE,10.8529701784472,0.995565851765754
ICE_20210713_FA5NFH.wav,1,ICE,9.58814412506676,0.9927676887076948
ICE_20210713_M6CH1U.wav,1,ICE,9.3749489052765,0.998272903620307
ICE_20210713_NNLJOO.wav,1,ICE,8.81547964559504,0.7576773457542328
ICE_20210713_OKX0H9.wav,1,ICE,10.2144415057887,0.9536926424547401
ICE_20210713_TOGD9Z.wav,1,ICE,15.0261010543618,0.9641076385657636
ICE_20210713_Y4KGQD.wav,1,ICE,14.1144421047874,0.9998825926329088
ICE_20210716_YK37V7.wav,1,ICE,10.4822760887922,0.6309633051002786
ICE_20210717_8QKAK3.wav,1,ICE,13.1601212956627,0.9998618555222942
ICE_20210719_AN7W8Q.wav,0,ICE,9.88976188561918,0.5072686905296608
ICE_20210726_3SZBGH.wav,1,ICE,25.6950694159284,0.9999738938465109
ICE_20210726_RFDUD8.wav,1,ICE,20.3844747147425,0.988047470952033
ICE_20210728_RP18B7.wav,1,ICE,12.1085320610127,0.9886906369104844
ICE_20210730_TOOPTI.wav,1,ICE,10.1637169840718,0.977605164848482
ICE_20210801_5ILZNU.wav,0,ICE,13.108903848798,0.41212658969403143
ICE_20210801_98JXGY.wav,1,ICE,16.2890852558702,0.9993185874957714
ICE_20210801_UUE40T.wav,1,ICE,12.8036997513062,0.8736919256293302
ICE_20210802_50YPU1.wav,0,ICE,33.2244690514624,0.5641209616787006
ICE_20210805_DVQLDL.wav,0,ICE,16.5618976921686,0.9029564421484576
ICE_20210805_MF9Z2R.wav,0,ICE,10.6151177519298,0.32788783535650085
ICE_20210806_MECH9P.wav,0,ICE,10.1594962372035,0.09333916237004185
ICE_20210807_665YQP.wav,1,ICE,11.8530673476901,0.9975806735069362
ICE_20210808_CCURTP.wav,1,ICE,9.43624024889211,0.8187902889924743
ICE_20210810_TBPD2H.wav,0,ICE,14.7226432003911,0.23221132327722743
ICE_20210811_IML9U0.wav,1,ICE,21.6878067005754,0.9999964237340748
ICE_20210811_ZXRL47.wav,1,ICE,17.8892213384054,0.9999986886995842
ICE_20210812_HLBVS2.wav,1,ICE,21.4400844125704,0.9988334690124372
ICE_20210812_RT23LD.wav,1,ICE,13.0068294624089,0.6196425420125656
ICE_20210816_6YCXCF.wav,1,ICE,16.2768047475372,0.9976213664153155
ICE_20210816_SHVARA.wav,1,ICE,18.2634425759235,0.9937547725586604
ICE_20210816_UI36BX.wav,1,ICE,18.4127860554493,0.9999890328655274
ICE_20210816_XYBU5W.wav,1,ICE,9.08863019350805,0.9312842446482156
ICE_20220218_4RQ33O.wav,0,ICE,11.2322431004047,0.31982958730121763
ICE_20220218_8FOPOB.wav,0,ICE,16.4316735306981,0.3382801430016237
ICE_20220218_H7MB6V.wav,0,ICE,13.26677543158,0.4019236065871844
ICE_20220219_14UW90.wav,1,ICE,12.407595724782,0.3870145854434813
ICE_20220219_2O9E4R.wav,1,ICE,8.87601962005919,0.7260920206615622
ICE_20220219_5OGX06.wav,1,ICE,31.0460975219593,0.41535797306392824
ICE_20220219_FLU5DM.wav,1,ICE,10.8014367254864,0.4799163620676946
ICE_20220219_J7U2PL.wav,1,ICE,34.7302197252726,0.5061479187156637
ICE_20220219_K2VN7M.wav,1,ICE,25.4977406412283,0.4642893789522699
ICE_20220219_V7ECIC.wav,1,ICE,8.57344863142351,0.6979391396115998
ICE_20220219_YLHV3D.wav,1,ICE,33.8876288961102,0.46848251698598015
ICE_20220219_ZTAHHR.wav,1,ICE,9.94557369623089,0.5651400563725016
ICE_20220220_3N3T03.wav,0,ICE,10.5415066844238,0.5385121707846043
ICE_20220220_4YK5L8.wav,1,ICE,12.1769041332997,0.4551883775586327
ICE_20220220_9O5CCB.wav,0,ICE,9.21574937407861,0.5035696478904687
ICE_20220220_J8Z4DO.wav,1,ICE,10.7406079358048,0.40590471505283743
ICE_20220220_LH72FV.wav,1,ICE,11.8630549815224,0.740944067728074
ICE_20220223_1CSAEC.wav,1,ICE,43.3194141422768,0.6782760780920764
ICE_20220223_5K4WNG.wav,1,ICE,28.5658687490833,0.5139305004243546
ICE_20220223_F5VF31.wav,1,ICE,9.28798936000603,0.658768258784586
ICE_20220223_J3HQ1L.wav,1,ICE,12.0815661403138,0.9682047200978775
ICE_20220223_JQDQKE.wav,1,ICE,35.4319283534825,0.39721441854177303
ICE_20220223_L19J83.wav,1,ICE,17.9218699868784,0.33262783879315805
ICE_20220223_MD4M9F.wav,1,ICE,8.90650074537406,0.6404484075465611
ICE_20220223_MSWMMD.wav,1,ICE,39.9553255766302,0.28991741289303447
ICE_20220223_OAY43M.wav,1,ICE,23.7411751939517,0.34338423699066145
ICE_20220223_QUDFTF.wav,1,ICE,35.277940804297,0.4572206975064623
ICE_20220223_TG779B.wav,1,ICE,21.7995432552142,0.3862161547275754
ICE_20220223_XLD7JM.wav,1,ICE,32.8659846987688,0.4230972848146302
ICE_20220224_4DT0UI.wav,1,ICE,8.57524208286063,0.5997600377930122
ICE_20220224_OXOGXC.wav,0,ICE,16.2663039186791,0.362074941107919
ICE_20220224_TXWZI7.wav,1,ICE,20.3375861383262,0.5909600403858071
ICE_20220224_USAYRI.wav,0,ICE,13.7735586173262,0.294255273973476
ICE_20220225_3TTV3C.wav,1,ICE,24.4626612765209,0.33767152455558386
ICE_20220225_9TZNCF.wav,1,ICE,8.0564782275897,0.4901025584200555
ICE_20220225_CN6D51.wav,1,ICE,19.8274901546017,0.4321478132837685
ICE_20220225_E6GP9W.wav,1,ICE,8.88640571125182,0.31463249097463397
ICE_20220225_FS6HRP.wav,1,ICE,10.4673544920364,0.5035760711606905
ICE_20220225_LI4YY3.wav,1,ICE,18.6148810944201,0.45397627369775007
ICE_20220225_N7G1SN.wav,1,ICE,10.8018198108387,0.4392795068842188
ICE_20220225_TBG6VE.wav,1,ICE,16.1002371707601,0.4300486271309027
ICE_20220225_TYYZT7.wav,1,ICE,14.980723679308,0.5633567303336465
ICE_20220225_V9R3UJ.wav,1,ICE,14.8980617100822,0.6195172575313493
ICE_20220225_WEKYB0.wav,1,ICE,22.2283253345372,0.5486791238213373
ICE_20220225_ZWPUI2.wav,1,ICE,23.2358601249591,0.5262374399419858
ICE_20220226_0D7EUX.wav,1,ICE,26.0529602777486,0.27918042374964014
ICE_20220226_0O1CW7.wav,1,ICE,19.1162669412726,0.49453766604092686
ICE_20220226_2LQZT1.wav,1,ICE,25.4416950914622,0.6505383840060055
ICE_20220226_3W409M.wav,1,ICE,21.5390441133009,0.6346590082560604
ICE_20220226_6LKK5M.wav,1,ICE,20.8788343668641,0.3904535536118083
ICE_20220226_CL9U7A.wav,1,ICE,27.833954460972,0.6191176244585221
ICE_20220226_D67E7J.wav,1,ICE,15.3167921189835,0.3532037437463441
ICE_20220226_F4XE7P.wav,1,ICE,19.1003485642641,0.6206134175293109
ICE_20220226_G4BB0D.wav,1,ICE,25.9546539974747,0.476493082645398
ICE_20220226_G7G5J4.wav,1,ICE,16.9283827389725,0.4145916512869926
ICE_20220226_H6QKP0.wav,1,ICE,16.8020820915182,0.5138371712305562
ICE_20220226_IVPKF4.wav,1,ICE,29.6602430429063,0.40521543875995913
ICE_20220226_NDRM6H.wav,1,ICE,26.1527741346135,0.5420718173635994
ICE_20220226_OCM527.wav,1,ICE,33.1443565931273,0.39555283018803195
ICE_20220226_OLJ5PT.wav,1,ICE,22.4943203523434,0.35561530207807196
ICE_20220226_VLRRI5.wav,1,ICE,18.8365656593112,0.439102911204918
ICE_20220226_Y1Y106.wav,1,ICE,19.6932462067876,0.21695324053615436
ICE_20220228_V2TN90.wav,1,ICE,9.72404111655451,0.45543713138070074
ICE_20220301_K16A34.wav,1,ICE,8.20171211306337,0.5375199471545117
ICE_20220301_M25Y08.wav,1,ICE,8.1876329821264,0.48921241910033836
ICE_20220301_U4F5BA.wav,1,ICE,22.5153340053943,0.5482016923062437
ICE_20220304_6YATCN.wav,0,ICE,12.1562503015793,0.4926574791297129
ICE_20220304_KIDO2U.wav,1,ICE,12.1793544729599,0.21606942438188823
ICE_20220304_Q3FC00.wav,1,ICE,12.393273506559,0.43532203502417116
ICE_20220305_4TZXIO.wav,0,ICE,8.61479249161428,0.32619193977644456
ICE_20220305_SSGU64.wav,0,ICE,10.3390745759902,0.524824755459445
ICE_20220306_00O4AM.wav,1,ICE,20.8705207529579,0.4559218396500432
ICE_20220306_1T4F9Z.wav,1,ICE,26.7784242111412,0.5701467386564568
ICE_20220306_3GGBB5.wav,1,ICE,12.8243272990786,0.3167020465666781
ICE_20220306_BD9LCC.wav,1,ICE,24.9898596653956,0.45801129329586915
ICE_20220306_CIVB47.wav,1,ICE,28.4927809680401,0.5791561727991177
ICE_20220306_M3VA39.wav,1,ICE,20.4170923795725,0.5389278374904262
ICE_20220306_MXAAQ7.wav,1,ICE,11.7866771041072,0.41351039959316604
ICE_20220306_O3UGXR.wav,0,ICE,23.2073102893117,0.25103101458082094
ICE_20220306_RC297V.wav,0,ICE,13.649620979723,0.4862110212069156
ICE_20220306_ZHKKKZ.wav,1,ICE,31.2689636250645,0.3757254165544889
ICE_20220307_BMV8DF.wav,1,ICE,14.2588619947485,0.4017046079103044
ICE_20220307_OLZ3EY.wav,1,ICE,25.0627369808409,0.9699437506901225
ICE_20220307_VVFSGX.wav,1,ICE,29.3559771982265,0.30037165868898447
ICE_20220308_1LMDG5.wav,1,ICE,26.1705244617773,0.5137558015169253
ICE_20220308_BKFTLW.wav,1,ICE,18.2163318366101,0.28575149709031644
ICE_20220308_E0NU40.wav,1,ICE,8.94115243026009,0.426373870092879
ICE_20220308_GQFYG2.wav,1,ICE,9.38612933100291,0.5986120386183942
ICE_20220308_OW0Y0L.wav,1,ICE,9.20431814327885,0.5530801046215638
ICE_20220308_V32HH0.wav,1,ICE,18.1851062616642,0.523291803521192
ICE_20220308_X8PA8O.wav,1,ICE,23.6793985134094,0.5506772942983508
ICE_20220309_T9B1SV.wav,1,ICE,8.76337455596243,0.6101332390989012
ICE_20220309_UB1ZFH.wav,1,ICE,26.4334807265364,0.5551980374416773
ICE_20220310_18QL60.wav,1,ICE,14.4951263185081,0.24210097038732475
ICE_20220310_AVBAT1.wav,1,ICE,9.15735762218711,0.399613413046823
ICE_20220310_DHDE69.wav,1,ICE,11.5688912257062,0.2915334032246977
ICE_20220310_FQ12EV.wav,1,ICE,16.2510329433496,0.4059831105550112
ICE_20220310_HPL1FW.wav,1,ICE,12.3404821845257,0.3742882198893646
ICE_20220310_J9YG0B.wav,1,ICE,15.3905880953301,0.4425154758722879
ICE_20220310_TT29RD.wav,1,ICE,16.4162840452428,0.3805426951615798
ICE_20220311_0O3M2K.wav,1,ICE,11.4222164273095,0.582787803810131
ICE_20220311_16O358.wav,1,ICE,14.2905665015554,0.44816672895987386
ICE_20220311_3O7ZDT.wav,1,ICE,9.18120232879999,0.48483729323893493
ICE_20220311_5W8IA4.wav,1,ICE,13.6921913245911,0.5090043933203034
ICE_20220311_949KYP.wav,1,ICE,10.9312465890139,0.42878575795109386
ICE_20220311_9H4P4A.wav,1,ICE,16.7004245356089,0.5285771175834785
ICE_20220311_A62L5S.wav,1,ICE,14.013623250022,0.4315049339561246
ICE_20220311_BLEK9I.wav,1,ICE,14.3642013893519,0.48926630851461317
ICE_20220311_C2JX3O.wav,1,ICE,9.4147758810299,0.5610829843470415
ICE_20220311_D71EIX.wav,1,ICE,8.50135140186552,0.4910905811824632
ICE_20220311_EWF5IE.wav,1,ICE,15.6039853681385,0.37567675541436274
ICE_20220311_HFQVXV.wav,1,ICE,8.67344776007692,0.5335908003781972
ICE_20220311_HUBZJN.wav,1,ICE,9.9335170594478,0.3301840071002555
ICE_20220311_HXOB67.wav,1,ICE,17.9236516649705,0.2936283979230032
ICE_20220311_IAEP8U.wav,1,ICE,14.6920506417418,0.2928476754904891
ICE_20220311_N559SR.wav,1,ICE,13.3862117046198,0.34086763522559743
ICE_20220311_NB3S94.wav,0,ICE,8.30120053256492,0.4038341131948248
ICE_20220311_POOLG3.wav,1,ICE,16.090470041945,0.39467523980907987
ICE_20220311_VEJ8UT.wav,1,ICE,9.03033411932481,0.49783348802959765
ICE_20220311_WHOZEH.wav,1,ICE,16.1727142688562,0.39632265308734393
ICE_20220320_3YB5ZL.wav,0,ICE,16.1681604718376,0.26844697731292205
ICE_20220320_4K6116.wav,0,ICE,12.4918828534009,0.2383741674358612
ICE_20220320_5SYJCI.wav,0,ICE,23.9507963222722,0.33568151818531083
ICE_20220320_CREYP9.wav,0,ICE,26.0205078831765,0.42857008031786287
ICE_20220320_LZO3WB.wav,0,ICE,27.910765350436,0.46434503430661556
ICE_20220320_QSCC2J.wav,0,ICE,20.2022749584009,0.48345859985719
ICE_20220320_S1AXWW.wav,0,ICE,9.17727942033761,0.2910662739240113
ICE_20220320_VU6LI1.wav,0,ICE,10.3116247821286,0.28864794638400515
ICE_20220321_54LYQJ.wav,0,ICE,10.6293338261906,0.43710698674690895
ICE_20220321_CRMMBS.wav,0,ICE,12.6139777912183,0.07078361056566469
ICE_20220321_EAPX3K.wav,0,ICE,13.2861118164371,0.5664569528010622
ICE_20220321_G6KJAF.wav,0,ICE,9.88369285944157,0.3762980890676546
ICE_20220322_NZ91AB.wav,0,ICE,19.8904783624271,0.39578781905618826
ICE_20220326_JSBR5O.wav,0,ICE,20.4216247349335,0.4062331578151525
ICE_20220326_LKMER5.wav,0,ICE,29.8724084657654,0.6061901669095547
ICE_20220326_YEHHFS.wav,0,ICE,14.859967876546,0.4528251534510459
ICE_20220327_0AR2WU.wav,0,ICE,16.2474678398269,0.2857372926582297
ICE_20220327_6PZ4BO.wav,0,ICE,11.6050879564268,0.28884951886296395
ICE_20220327_C0JURF.wav,0,ICE,9.55797447586511,0.2906700520497161
ICE_20220327_F6S2CU.wav,0,ICE,13.28752684382,0.24462156195458631
ICE_20220327_GHGZ1K.wav,0,ICE,14.8883559094615,0.19057985830726998
ICE_20220327_GRKTEU.wav,0,ICE,19.5761226243907,0.42058513533638314
ICE_20220327_KZES80.wav,0,ICE,14.5172902373412,0.37438255556525596
ICE_20220327_QGVTF2.wav,0,ICE,9.64182976280832,0.2725773584646705
ICE_20220327_U5KF8W.wav,0,ICE,11.6802740585346,0.4692596640585494
ICE_20220330_0349LV.wav,1,ICE,8.98967889498376,0.960183543990173
ICE_20220330_3U98SQ.wav,1,ICE,19.5218524474177,0.9988987665156753
ICE_20220330_5RL20T.wav,1,ICE,10.7487206482362,0.993287624364177
ICE_20220330_91R7S4.wav,1,ICE,16.2263133294561,0.9993494216053961
ICE_20220330_AWWW8Z.wav,1,ICE,12.9070327816851,0.9010065586841493
ICE_20220330_BEHIFB.wav,1,ICE,14.1616302847771,0.994653708955955
ICE_20220330_DVLYZ5.wav,1,ICE,13.9361193043921,0.9835506400627978
ICE_20220330_EAF4B6.wav,1,ICE,10.6095943475927,0.9891612854316538
ICE_20220330_G96D1Y.wav,1,ICE,15.9838012867414,0.9999991655356624
ICE_20220330_HVTYV1.wav,1,ICE,19.0497971140448,0.9989020971006712
ICE_20220330_KHXIU1.wav,1,ICE,8.84807901898575,0.9973059947983124
ICE_20220330_MNM8NA.wav,1,ICE,8.77578252809634,0.9235356285019907
ICE_20220330_QS6RI4.wav,1,ICE,14.682087525132,0.9999618544824983
ICE_20220330_QU7JX0.wav,1,ICE,19.5272481289748,0.9995488772214536
ICE_20220330_RL1UVV.wav,0,ICE,11.4240966853805,0.14057170516864967
ICE_20220330_S2J8OQ.wav,1,ICE,11.8081911571594,0.9999728210205924
ICE_20220330_UUY7AL.wav,1,ICE,14.2114298662732,0.9999979734461775
ICE_20220330_UV0WQQ.wav,1,ICE,13.706709215729,0.9294020326349007
ICE_20220330_WNF6A5.wav,1,ICE,14.2206696161301,0.9999977350285647
ICE_20220330_YLWWAQ.wav,1,ICE,12.0389596893327,0.9989649053774277
ICE_20220331_9QZVW2.wav,0,ICE,11.7615074148531,0.09047434219755172
ICE_20220401_0L8OJX.wav,1,ICE,20.1072280475282,0.8131338879108078
ICE_20220401_3RSAN3.wav,0,ICE,13.3612785802273,0.3988418813471404
ICE_20220401_62UKFJ.wav,0,ICE,27.7379977028318,0.5598687085042934
ICE_20220401_AVCJ9B.wav,0,ICE,32.6683678598015,0.341572071924205
ICE_20220401_AZN35R.wav,1,ICE,14.2756989785067,0.0622620499606363
ICE_20220401_G5CQL4.wav,1,ICE,19.9264543854519,0.8876927830461351
ICE_20220401_JMJ7H3.wav,0,ICE,23.6288172959469,0.2822494949626843
ICE_20220401_JT4MK0.wav,0,ICE,18.6235283573136,0.09471245641640093
ICE_20220401_NEYG60.wav,1,ICE,23.7435775009313,0.4883541098281638
ICE_20220401_NPNZ10.wav,0,ICE,20.5107861057755,0.022983087398358082
ICE_20220401_QO21P0.wav,1,ICE,26.7221831756975,0.9025340374008974
ICE_20220401_TPIYSE.wav,0,ICE,8.1598438394188,0.3866362959525592
ICE_20220402_4HEUAG.wav,0,ICE,26.6962210846674,0.3088622908217286
ICE_20220402_5881MS.wav,0,ICE,39.322391161006,0.2672399830055479
ICE_20220402_8B1VX4.wav,0,ICE,9.08385490935163,0.4323817851504867
ICE_20220402_9XA2IX.wav,0,ICE,21.7612658804963,0.4701698801621892
ICE_20220402_C7U555.wav,0,ICE,8.15227090207367,0.3133093294690856
ICE_20220402_I6RA3I.wav,0,ICE,44.9879122318853,0.3833210723999299
ICE_20220402_IDYG03.wav,0,ICE,38.3937385652045,0.3022893518340888
ICE_20220402_J8OGK3.wav,0,ICE,22.6301289818474,0.31842519603891395
ICE_20220402_J8VZD6.wav,0,ICE,32.8821331797313,0.331838110343147
ICE_20220402_K5ZAZP.wav,0,ICE,32.7844671547267,0.27535678188772517
ICE_20220402_N0B46B.wav,0,ICE,16.6188760750046,0.24416287918014373
ICE_20220402_QTOCX0.wav,0,ICE,27.8768467093696,0.24290031387604807
ICE_20220404_XDV06C.wav,0,ICE,8.40624171890279,0.4189062764423916
ICE_20220405_YKI970.wav,0,ICE,18.6417851225065,0.32051068169679814
ICE_20220406_HLUR3Z.wav,0,ICE,17.2318731643825,0.35599139641983163
ICE_20220406_NTXEA8.wav,0,ICE,23.5984876682139,0.35702450533530194
ICE_20220406_OH3M27.wav,0,ICE,29.0422043297485,0.27204423559241775
ICE_20220406_US0B6I.wav,0,ICE,12.1521414872289,0.4138599697789652
ICE_20220410_1AG51J.wav,1,ICE,8.83496417533487,0.9887422623445475
ICE_20220410_2ZLRT8.wav,1,ICE,10.0317224573223,0.9999876023871354
ICE_20220410_6S5F3G.wav,1,ICE,8.61328344534803,0.9934505469232507
ICE_20220410_7ADPVS.wav,1,ICE,11.5338437075089,0.9904294940522207
ICE_20220410_SZGHH4.wav,1,ICE,12.3282786176904,0.9559460268614812
ICE_20220411_ULJE3K.wav,1,ICE,8.54483742847983,0.9992287151755137
ICE_20220413_2W81L0.wav,0,ICE,12.8196110867729,0.3101107709034878
ICE_20220413_36HC3R.wav,0,ICE,25.4578225788078,0.4154496098066314
ICE_20220413_4GYLR9.wav,1,ICE,15.0107752146447,0.9993250160690268
ICE_20220413_ATOUAS.wav,0,ICE,16.3069397835908,0.26024511950438056
ICE_20220413_CKE6AC.wav,1,ICE,13.3166388622304,0.9997783198742913
ICE_20220413_E8M1LX.wav,1,ICE,8.7000400778548,0.9163857518182024
ICE_20220413_JDAQ1J.wav,1,ICE,10.4820554824246,0.9646309230057079
ICE_20220413_KB7EU2.wav,0,ICE,22.1960610782798,0.3669198833252978
ICE_20220413_LAHTN5.wav,1,ICE,14.0080680371097,0.9991358839192174
ICE_20220413_M9CTXY.wav,0,ICE,12.9041575820119,0.3495442315021737
ICE_20220413_PZSO44.wav,1,ICE,9.12828678715936,0.9944280268120376
ICE_20220413_XJUX5B.wav,1,ICE,11.0915094235785,0.9847810238349808
ICE_20220414_5WFVY7.wav,0,ICE,14.245044423033,0.4363350754783743
ICE_20220414_94MTXR.wav,0,ICE,29.5269187805485,0.22459154976189005
ICE_20220414_GXYVSQ.wav,0,ICE,17.6539296397911,0.46229818605406614
ICE_20220416_C42TBF.wav,0,ICE,19.4578048416257,0.3997306902813907
ICE_20220417_4KEXTT.wav,0,ICE,24.4730766444492,0.40154826360271473
ICE_20220418_LX4TIS.wav,0,ICE,8.90994775558256,0.41379534472676355
ICE_20220419_1TY34G.wav,1,ICE,11.7140130810988,0.9999953508594287
ICE_20220419_31LZJB.wav,1,ICE,12.3927568724371,0.8596032852887412
ICE_20220419_BH6CGU.wav,1,ICE,21.7223238498981,0.991499700485941
ICE_20220419_DD2VDO.wav,1,ICE,15.5586091384079,0.9999042841054026
ICE_20220419_L7HEWO.wav,1,ICE,18.6887668213496,0.6424517406942778
ICE_20220419_NVVADB.wav,1,ICE,27.5702062456426,0.9999998807907247
ICE_20220419_NXHYCM.wav,1,ICE,16.2883930957819,0.42842914746892363
ICE_20220419_OYI9LW.wav,1,ICE,18.1140129945749,0.9999994039539004
ICE_20220419_PWABEV.wav,1,ICE,23.1822154953652,0.9999997615814777
ICE_20220419_PYQAI7.wav,1,ICE,23.3270058315896,0.9998996358499792
ICE_20220419_W2PQ5V.wav,1,ICE,15.3543867808651,0.9999924898711537
ICE_20220419_ZZPKH7.wav,1,ICE,13.7548101977586,0.9989572918171028
ICE_20220420_SOGO7E.wav,1,ICE,9.20685936144909,0.9974420107105361
ICE_20220421_PGR1B4.wav,0,ICE,13.7806948846879,0.3720198611855275
ICE_20220421_UQQU2L.wav,0,ICE,15.0507391191422,0.25026409761399704
ICE_20220423_4KUE0Q.wav,1,ICE,10.1524237595626,0.9995593583069067
ICE_20220423_4RD0IV.wav,1,ICE,14.9621423048104,0.9999138191081796
ICE_20220423_58X5QW.wav,1,ICE,15.8267823878569,0.9962390781214133
ICE_20220423_6L7O1M.wav,1,ICE,17.7194260186716,0.9999992847447459
ICE_20220423_7W0737.wav,1,ICE,11.5143297239228,0.9999287179248457
ICE_20220423_8CJ29E.wav,1,ICE,12.1851359745812,0.8692749935884075
ICE_20220423_FJ541Z.wav,1,ICE,12.8169992793756,0.9999512457787185
ICE_20220423_HCREM5.wav,1,ICE,18.3210097205624,0.9991715862570766
ICE_20220423_IKL0PC.wav,1,ICE,18.45737549194,0.999984264621273
ICE_20220423_JFHKC5.wav,1,ICE,10.9853143658248,0.999909289963248
ICE_20220423_K85IVK.wav,1,ICE,11.7676308849017,0.996774145909417
ICE_20220423_KQNHI3.wav,1,ICE,12.3192625525767,0.9971879152161105
ICE_20220423_LCU4VD.wav,1,ICE,10.4605770760454,0.9999805692637573
ICE_20220423_N73430.wav,1,ICE,13.7779196968498,0.9999880792130387
ICE_20220423_QIELBL.wav,1,ICE,19.5469547151039,0.9999816421070834
ICE_20220423_UOXND4.wav,1,ICE,10.9187030567802,0.9999924898711537
ICE_20220423_V8797H.wav,1,ICE,16.8453080286504,0.9790150242809607
ICE_20220423_ZI9A3S.wav,1,ICE,14.9953266780082,0.9999994039539004
ICE_20220424_0IRR1S.wav,1,ICE,21.1562312354683,1.0
ICE_20220424_21LART.wav,1,ICE,22.8508109541675,0.9999911785905904
ICE_20220424_37Y4B4.wav,1,ICE,23.6785862503639,0.9999997615814777
ICE_20220424_4BL6WR.wav,1,ICE,24.6372294185238,0.9999970197767496
ICE_20220424_5IUA82.wav,1,ICE,14.3924371786594,0.9993138256421706
ICE_20220424_681I9K.wav,1,ICE,18.0003668071671,0.9999684105356298
ICE_20220424_6PSK5A.wav,1,ICE,22.5706162350802,0.9999994039539004
ICE_20220424_890NWQ.wav,1,ICE,22.940015592412,0.9998306322920667
ICE_20220424_8NAVIJ.wav,1,ICE,13.8467481819277,0.9992135991940463
ICE_20220424_ASEWA0.wav,1,ICE,21.4546201927573,0.9999256189345929
ICE_20220424_DK9U1L.wav,1,ICE,19.6212518627679,0.9999988079084972
ICE_20220424_DRVLI4.wav,1,ICE,18.8957657021957,0.9999977350285647
ICE_20220424_E0YGJL.wav,1,ICE,17.0036479990899,0.9999928474936721
ICE_20220424_GRB6G0.wav,1,ICE,17.8756332235164,0.9999998807907247
ICE_20220424_J14MV7.wav,1,ICE,16.0036564783441,0.9977751513321734
ICE_20220424_KPROST.wav,1,ICE,24.643830547181,0.9999973774024795
ICE_20220424_LRM6GX.wav,1,ICE,23.4188517448062,0.9994633694615238
ICE_20220424_M7EAFT.wav,1,ICE,24.1351250944489,0.999968291333751
ICE_20220424_TDRXK0.wav,1,ICE,9.62187016155164,0.9877011395975256
ICE_20220424_TJ5KEX.wav,1,ICE,15.5724443004123,0.9999990463265931
ICE_20220424_TLPBZ3.wav,1,ICE,17.9820581853715,0.9977723029510741
ICE_20220424_TV69JA.wav,1,ICE,23.0462331854811,0.9999761587100603
ICE_20220424_UTX0T2.wav,1,ICE,11.4071802807702,0.9743826100292694
ICE_20220424_VWICYM.wav,1,ICE,21.6241219523097,0.9999995231630692
ICE_20220424_XOJB2R.wav,1,ICE,25.0529069107956,0.9999979734461775
ICE_20220425_41BVOK.wav,1,ICE,17.990690391792,0.9999969005680498
ICE_20220425_DEFIRV.wav,1,ICE,14.8587947485086,0.9999973774024795
ICE_20220425_F5RJ3T.wav,1,ICE,26.078532890013,0.9999998807907247
ICE_20220425_JHSRCI.wav,1,ICE,20.755783554725,0.9999994039539004
ICE_20220425_O7QI59.wav,1,ICE,22.0066702058675,0.9999915362117302
ICE_20220425_TZOZ03.wav,1,ICE,24.8422590455171,1.0
ICE_20220425_XW0AWW.wav,1,ICE,9.19936744885183,0.8428406099460001
ICE_20220426_6DWG73.wav,1,ICE,17.1252343904998,0.9999493386194785
ICE_20220426_8MW6IA.wav,1,ICE,22.2726740494358,0.9994170489528312
ICE_20220426_94GP39.wav,0,ICE,8.96016068335702,0.6562471557462117
ICE_20220426_9KWXLK.wav,1,ICE,14.2274424958175,0.9962909026202962
ICE_20220426_C6T520.wav,1,ICE,21.0127496729659,0.9965750858482318
ICE_20220426_D8RZ2J.wav,0,ICE,15.1337744585021,0.204604758720066
ICE_20220426_HNVTE9.wav,0,ICE,12.9322180047209,0.6456147386663679
ICE_20220426_O8CVM2.wav,1,ICE,17.3888419373809,0.9999930859092101
ICE_20220426_PYMRMS.wav,1,ICE,19.4829248737518,0.9999513649749275
ICE_20220426_S5UK9C.wav,1,ICE,25.2050644175119,0.9999996423722521
ICE_20220426_TPONYS.wav,1,ICE,21.6404097786878,0.9999111969660766
ICE_20220426_WG6K3X.wav,1,ICE,12.4439057211233,0.2827887614187049
ICE_20220427_2A22OT.wav,0,ICE,9.29591681689993,0.024076308407467398
ICE_20220427_XC265A.wav,0,ICE,8.89636820298713,0.01337595318712739
ICE_20220429_1NG95L.wav,1,ICE,22.0854434149944,0.9999893904859
ICE_20220429_25AH7C.wav,1,ICE,10.9870817685096,0.9695789496624048
ICE_20220429_2G8L3G.wav,1,ICE,13.0787394553739,0.9999755626925522
ICE_20220429_8YNAHR.wav,1,ICE,16.8571112624511,0.9970308747466137
ICE_20220429_BYP2IG.wav,1,ICE,25.2573774202407,0.999977350747961
ICE_20220429_C5C9DI.wav,1,ICE,26.3508375516582,0.9903219220595795
ICE_20220429_DW4GYN.wav,1,ICE,22.941566522941,0.9998015559142721
ICE_20220429_EO3U2C.wav,1,ICE,22.5863419764175,0.9823791202339532
ICE_20220429_FAI15H.wav,1,ICE,25.6833383365417,1.0
ICE_20220429_GVMNZ8.wav,1,ICE,12.7913410997746,0.9990780516433708
ICE_20220429_HWQNMX.wav,1,ICE,19.0443859561781,0.999998927117538
ICE_20220429_JAQ9QD.wav,1,ICE,25.9466060100819,0.9977840521980071
ICE_20220429_M15UWG.wav,1,ICE,23.9896395927103,0.9998754418066063
ICE_20220429_P0XHZT.wav,1,ICE,11.304048195233,0.9719457334690925
ICE_20220429_Q8XDXU.wav,1,ICE,11.8060324224543,0.9989952418072695
ICE_20220429_QC10KF.wav,1,ICE,24.9408956902785,0.9996291582711716
ICE_20220429_W9OENX.wav,0,ICE,8.51975593720772,0.8820625522572554
ICE_20220430_48KPG0.wav,1,ICE,12.2270603904797,0.7895870904847084
ICE_20220430_5THKEL.wav,1,ICE,12.3787852978354,0.9810334425413912
ICE_20220430_7VWKWT.wav,1,ICE,16.9431125597285,0.999935273546097
ICE_20220430_AH0LHU.wav,1,ICE,15.5410401543857,0.9506397840726055
ICE_20220430_BXTDBF.wav,1,ICE,13.6942439744858,0.945437194226054
ICE_20220430_FECB5N.wav,1,ICE,23.7720691852686,0.9999624504845601
ICE_20220430_HJQ67J.wav,1,ICE,22.9245869767562,0.9999846222381212
ICE_20220430_IZSP2Q.wav,1,ICE,20.0728533750649,0.9856712033353617
ICE_20220430_KPAH42.wav,1,ICE,14.9388928915509,0.9787962674033834
ICE_20220430_LGTRAB.wav,1,ICE,18.3369893384983,0.9999796156266157
ICE_20220430_NXQUOJ.wav,1,ICE,20.8584139058898,0.9875076623987699
ICE_20220430_OHHPB0.wav,1,ICE,31.5492809365393,0.9994574154712279
ICE_20220430_P0OAKT.wav,1,ICE,21.8339102509084,0.9809098926159318
ICE_20220430_PPH03X.wav,1,ICE,22.8268069049014,0.9986038653315212
ICE_20220430_QP2OMY.wav,1,ICE,22.8062176700283,0.9753922005822689
ICE_20220430_R5J88N.wav,1,ICE,27.5293020638488,0.9987889906446114
ICE_20220430_REXHIW.wav,1,ICE,16.8744510905739,0.836678741920681
ICE_20220430_SAIAP5.wav,1,ICE,8.89618676191748,0.990656874682285
ICE_20220430_U54AYA.wav,1,ICE,24.0632396690316,0.9999836685934766
ICE_20220430_UTJXCL.wav,1,ICE,16.6755236880348,0.9998971329639152
ICE_20220430_YOLZ95.wav,1,ICE,19.5599038328074,0.8344177694669161
ICE_20220430_YU6KPV.wav,1,ICE,23.0050669061378,0.9999769931373511
ICE_20220430_ZW06HY.wav,1,ICE,17.9571178013399,0.7904943281714184
ICE_20220501_XLWG2Z.wav,0,ICE,14.176777631572,0.3882559161676868
ICE_20220507_078DJC.wav,1,ICE,17.784455588542,0.9999939203633587
ICE_20220507_1BBI3E.wav,1,ICE,18.7222241632662,0.9999641192914955
ICE_20220507_1PJ6V9.wav,1,ICE,18.0442954320785,1.0
ICE_20220507_6EMHPT.wav,1,ICE,13.7375283761854,0.9985369423539706
ICE_20220507_7BO72K.wav,1,ICE,16.544346476443,0.9966990598582293
ICE_20220507_8E8GB7.wav,1,ICE,19.9999360675124,0.9997496040108929
ICE_20220507_8S686M.wav,0,ICE,22.0824784435603,0.46676721037801644
ICE_20220507_AJ7UC0.wav,1,ICE,18.8705844238513,0.9999991655356624
ICE_20220507_BCI51J.wav,1,ICE,12.7416434234634,0.9999992847447459
ICE_20220507_BJXU0L.wav,1,ICE,18.7128889798138,0.996227483455011
ICE_20220507_CGW4D8.wav,1,ICE,12.4786791162553,0.9997981002352355
ICE_20220507_CK5STD.wav,1,ICE,22.37932106834,0.9999984502816872
ICE_20220507_CQLXCX.wav,1,ICE,15.736039260583,0.9964059291948979
ICE_20220507_S1CMQU.wav,0,ICE,15.2584275612291,0.31858625986132316
ICE_20220507_W494Y5.wav,1,ICE,20.6858999531013,0.9999948740268748
ICE_20220507_WHSKIG.wav,1,ICE,23.9887843237171,0.9999886752461923
ICE_20220507_YDEEN2.wav,1,ICE,16.6322215148759,0.9998547049825197
ICE_20220512_2CRL5X.wav,0,ICE,13.2310205694057,0.49222292689336566
ICE_20220512_QOMMWS.wav,0,ICE,15.8448791818976,0.38711413609047196
ICE_20220514_LASAMD.wav,0,ICE,14.0843031861498,0.5016363746502787
ICE_20220515_05V1YT.wav,1,ICE,21.8823274849222,0.9999970197767496
ICE_20220515_1WQGR2.wav,1,ICE,23.1496869174114,1.0
ICE_20220515_2MXNWB.wav,1,ICE,9.0302883169663,0.9646304810015922
ICE_20220515_BJKKY7.wav,1,ICE,25.7826258906441,0.9999998807907247
ICE_20220515_CO5L0C.wav,1,ICE,20.1938958129569,0.9999991655356624
ICE_20220515_CYPHH3.wav,1,ICE,14.6987186022284,0.9997807030106431
ICE_20220515_DX4L01.wav,1,ICE,10.9216075032042,0.9852540890470443
ICE_20220515_NRCL19.wav,1,ICE,22.8318773748068,1.0
ICE_20220515_QPFY5C.wav,1,ICE,25.9534086669135,1.0
ICE_20220515_QTKAX6.wav,1,ICE,22.9076850491423,0.988787015162773
ICE_20220515_VXRQZY.wav,1,ICE,22.220432573832,0.9999998807907247
ICE_20220515_XHEXKC.wav,1,ICE,22.43858898241,0.9999765163221908
ICE_20220515_YORF9S.wav,1,ICE,16.8115802026281,0.9999793772183819
ICE_20220516_0SLCRZ.wav,0,ICE,16.734264821204,0.34393118985380455
ICE_20220516_553MTO.wav,0,ICE,13.0515289435967,0.7134221988731315
ICE_20220516_5GUUXF.wav,1,ICE,20.3436814351935,0.999545780608395
ICE_20220516_5MVZLB.wav,0,ICE,22.6536428248091,0.35645753757415094
ICE_20220516_97CM1O.wav,1,ICE,19.3831110296097,0.9565832980390067
ICE_20220516_9AT7DO.wav,0,ICE,38.3041347169905,0.17958779472464428
ICE_20220516_9YTOWO.wav,1,ICE,16.3019667712385,0.9400586817830071
ICE_20220516_AKW2GE.wav,0,ICE,27.677241357494,0.281808495267007
ICE_20220516_HKPUR1.wav,1,ICE,17.1874672769676,0.8097996762242761
ICE_20220516_JSY01G.wav,1,ICE,22.2139466846544,0.9999964237340748
ICE_20220516_L9V6TV.wav,0,ICE,14.0805475006421,0.3061283355152052
ICE_20220516_MH715M.wav,0,ICE,10.6619977911647,0.2808237264996083
ICE_20220516_MKNQLE.wav,0,ICE,26.7009130473817,0.3677151106690256
ICE_20220516_OHAQW8.wav,0,ICE,10.0985109324987,0.2613328101302251
ICE_20220516_TPIQIM.wav,1,ICE,24.2722151431905,0.9999911785905904
ICE_20220516_UWUZSF.wav,0,ICE,16.2187320939043,0.3403001584732011
ICE_20220516_VSTR4E.wav,0,ICE,27.040806560448,0.46834925596036914
ICE_20220516_VZNOSB.wav,0,ICE,24.5516489226262,0.2954087525364172
ICE_20220516_WO1ZZ7.wav,0,ICE,12.7539488256196,0.5925124233062464
ICE_20220516_YK63QP.wav,1,ICE,19.1455024203316,0.9229585721184733
ICE_20220516_Z57XWZ.wav,0,ICE,26.1790177922,0.462258756360135
ICE_20220516_ZJLXUX.wav,1,ICE,15.1784388211103,0.9742808722338225
ICE_20220517_G3DDGT.wav,0,ICE,16.0156524365338,0.42271784003010343
ICE_20220517_OZ20WI.wav,0,ICE,8.85772710393373,0.44235165862821363
ICE_20220517_TS3Q5Z.wav,0,ICE,8.6111727008591,0.4792794316515071
ICE_20220517_V5YTSL.wav,0,ICE,33.4706395007896,0.21698833925113112
ICE_20220518_1XXW0F.wav,1,ICE,11.8894335057034,0.9963504243602093
ICE_20220518_7GCBCD.wav,1,ICE,20.73490921975,0.49552181123309197
ICE_20220518_8AZEZK.wav,0,ICE,15.8466723044106,0.24298696560210242
ICE_20220518_9TZDUS.wav,0,ICE,21.4350974033817,0.6964672902716416
ICE_20220518_HR99W2.wav,1,ICE,33.2556858295965,0.8322503948454475
ICE_20220518_ICJZER.wav,1,ICE,9.07515878770382,0.9829764519196513
ICE_20220518_JBAMWG.wav,1,ICE,9.78202755602376,0.9891043689827029
ICE_20220518_JUSXO5.wav,1,ICE,20.475986446713,0.7861102895321995
ICE_20220518_N5CMQU.wav,0,ICE,8.9762080368201,0.42285442412223906
ICE_20220518_S385IU.wav,1,ICE,12.5128771259165,0.9987554560595789
ICE_20220518_SPHDVE.wav,1,ICE,9.47874372719505,0.8002320773707219
ICE_20220518_TVXH0Y.wav,1,ICE,12.0382046520012,0.9995036206205846
ICE_20220518_V2X663.wav,1,ICE,14.5895736572311,0.9979145003193838
ICE_20220518_WPK82B.wav,0,ICE,12.8868768820037,0.3298931787386258
ICE_20220519_1OR3LF.wav,0,ICE,36.8266131039249,0.3713155693371188
ICE_20220519_58GXAF.wav,0,ICE,35.0857300655065,0.3470426320302265
ICE_20220519_96UO0S.wav,0,ICE,35.2207096175726,0.5219560262447942
ICE_20220519_BYCVCE.wav,0,ICE,29.9303924815291,0.3416768975897821
ICE_20220519_C2MJL6.wav,0,ICE,17.2903103137726,0.23451371466906565
ICE_20220519_D9QWSC.wav,0,ICE,35.3748486738253,0.3013859920709931
ICE_20220519_FMSPFV.wav,0,ICE,46.8167436976953,0.34927931761184383
ICE_20220519_G2K40K.wav,0,ICE,15.3244048911045,0.3929313294356038
ICE_20220519_I1FX8T.wav,0,ICE,30.5037706801427,0.40700532914584964
ICE_20220519_OKD788.wav,0,ICE,38.4250307769746,0.4216671918988993
ICE_20220519_RK74TY.wav,0,ICE,9.62549103121948,0.33606216933468497
ICE_20220520_1RWJWI.wav,0,ICE,17.1287960056639,0.3935540121625609
ICE_20220520_25ISN5.wav,0,ICE,33.4126181867807,0.3060684193128854
ICE_20220520_3JOHV2.wav,0,ICE,31.4877261385912,0.24084628221144502
ICE_20220520_I78K5P.wav,0,ICE,19.8922860342138,0.3248484726526399
ICE_20220520_KHI7FH.wav,0,ICE,32.6279998372507,0.20583696952664726
ICE_20220520_KN0934.wav,0,ICE,20.6142018981774,0.24967872800449262
ICE_20220520_UF4LFK.wav,0,ICE,32.9502156217879,0.3789423762073034
ICE_20220520_VRY9W3.wav,0,ICE,30.3487051325734,0.4232295011780627
ICE_20220520_XUADFW.wav,0,ICE,8.1231375392914,0.5554870091112805
MED_20041019_AWADTE.wav,0,MED,8.75317365567897,0.4428578893450474
MED_20041019_DDGEGG.wav,0,MED,9.27965285003805,0.39753118525510417
MED_20041019_DQHTJL.wav,1,MED,13.0861664743573,0.5687351536007909
MED_20041019_DTFWLX.wav,0,MED,8.1649387223268,0.5083936410314789
MED_20041019_DYNZZR.wav,0,MED,8.16932224386988,0.3639458976168482
MED_20041019_HKTHSE.wav,1,MED,20.2684746688226,0.43417885134575823
MED_20041019_IBZXWK.wav,0,MED,9.87675264188798,0.5278428847135369
MED_20041019_JSCPGU.wav,0,MED,8.84874704486306,0.42435981554823193
MED_20041019_LNNGGM.wav,0,MED,9.60085473090649,0.2896375360748828
MED_20041019_MSRATC.wav,1,MED,11.0736744795006,0.43832013377976786
MED_20041019_RIQMKV.wav,0,MED,9.05544196877223,0.5990378887916807
MED_20041019_RKBIUY.wav,1,MED,39.9745450021901,0.4809934120821655
MED_20041019_SMEUIR.wav,0,MED,8.40661995004463,0.5066064803904406
MED_20041019_VKHXKE.wav,0,MED,8.5223661316148,0.4393831518151478
MED_20041019_WDGXGJ.wav,0,MED,8.99476220477233,0.37286869962125935
MED_20041019_YYQJIM.wav,0,MED,8.90416279765696,0.5712848895498944
MED_20041019_ZCJSOA.wav,0,MED,8.87698326107291,0.20899833945416696
MED_20041020_ABBBWC.wav,0,MED,8.60595622635821,0.29409038361207535
MED_20041020_AFYYLI.wav,0,MED,9.9037856775559,0.3563850093177736
MED_20041020_ANHXDC.wav,1,MED,19.2482545642369,0.44179828819390865
MED_20041020_AQGHSN.wav,0,MED,11.1622898474913,0.4296237156127064
MED_20041020_BROGDC.wav,0,MED,8.1767598884415,0.27965087912538167
MED_20041020_BVZNDG.wav,0,MED,9.45997050311425,0.257717015527132
MED_20041020_CAIRET.wav,1,MED,8.51400187947245,0.45420896034511227
MED_20041020_CGXHZC.wav,1,MED,8.38229313634988,0.3291440773941645
MED_20041020_CLKUGE.wav,0,MED,9.67561029639173,0.7479046746464142
MED_20041020_CWPGLD.wav,0,MED,9.36841785492915,0.10036795592534227
MED_20041020_DZPICN.wav,1,MED,15.0364739350431,0.31705168884223744
MED_20041020_EDRJHD.wav,0,MED,9.59734267842548,0.1639877596069872
MED_20041020_EIJNHH.wav,1,MED,11.9190180565071,0.47625162003389815
MED_20041020_EPFMEX.wav,1,MED,9.77512996255436,0.35697973435189406
MED_20041020_EWLWTQ.wav,0,MED,8.01542590723816,0.3852408680806934
MED_20041020_EZDYCS.wav,0,MED,11.154581989929,0.32711068648642005
MED_20041020_GAGFPO.wav,0,MED,11.6613444349356,0.3689825450368427
MED_20041020_IUFFWL.wav,0,MED,8.96558318888065,0.41028717827018485
MED_20041020_IUXQGL.wav,0,MED,8.43546939950729,0.3450880954468831
MED_20041020_JJVUTZ.wav,0,MED,10.5884653891274,0.5517902283426218
MED_20041020_JTBDWS.wav,0,MED,8.24060736906903,0.3778553259551676
MED_20041020_KFCJXP.wav,0,MED,8.91285813320273,0.6272838506361276
MED_20041020_LKYGZV.wav,0,MED,8.74213797786794,0.3854347632878225
MED_20041020_LRDCZC.wav,1,MED,9.68413066312058,0.5680052290138506
MED_20041020_MUQQWY.wav,0,MED,8.49191725958283,0.5492540309980436
MED_20041020_OGFQSM.wav,0,MED,8.25923108742562,0.35562861361852677
MED_20041020_PCJRLY.wav,0,MED,10.6143111199689,0.2973242128438273
MED_20041020_QPQTPS.wav,1,MED,8.20865196488017,0.4056032996117514
MED_20041020_RIWHMT.wav,0,MED,12.1756786805153,0.6648446310751277
MED_20041020_SBGBKG.wav,0,MED,10.1667441135936,0.27391939405290244
MED_20041020_SYERPA.wav,0,MED,21.4718969425146,0.40474483077476414
MED_20041020_TDRHVW.wav,0,MED,9.35273444093935,0.4265873237133986
MED_20041020_TZDFVN.wav,0,MED,11.2881735916628,0.3538431835737501
MED_20041020_UGAFDT.wav,0,MED,10.3220486060752,0.4394030299257899
MED_20041020_VDEAWS.wav,1,MED,11.7960200041936,0.532714099114453
MED_20041020_VSKNTO.wav,0,MED,8.77192808043666,0.41237781530785983
MED_20041020_VSOARX.wav,0,MED,8.69427805094991,0.39558635779847234
MED_20041020_XFPJTR.wav,1,MED,8.48866598137293,0.4809156095111397
MED_20041020_YDYZJZ.wav,0,MED,8.40312509506465,0.52962957056355
MED_20041020_YXXYCL.wav,0,MED,10.2448281787529,0.4395280285841767
MED_20041020_ZBERLL.wav,0,MED,10.1846145237066,0.38461657450239733
MED_20041021_BZWNJW.wav,0,MED,11.1685109590904,0.1915011935917173
MED_20041021_DJXTGD.wav,0,MED,12.6107341327929,0.2731505978052254
MED_20041021_FOEVIK.wav,0,MED,11.2529379966314,0.2864765528669173
MED_20041021_FSKMYM.wav,1,MED,17.6117124355472,0.24924196624589026
MED_20041021_GXLPAM.wav,0,MED,10.7334671428656,0.4076863747069814
MED_20041021_HEWQCB.wav,0,MED,17.5492731905995,0.04564694049677321
MED_20041021_KDQWWD.wav,0,MED,10.7118241603862,0.6310106181704188
MED_20041021_KVBXPQ.wav,0,MED,16.1393138223377,0.26336868556133625
MED_20041021_KYUXCA.wav,1,MED,11.1475892495057,0.26459604314288804
MED_20041021_NAVBUK.wav,0,MED,10.282335566463,0.6479223637457607
MED_20041021_OTZIIA.wav,0,MED,10.0719705552405,0.7937183845409111
MED_20041021_PCFWXU.wav,1,MED,8.26412369752232,0.5032990145432018
MED_20041021_PLCHIL.wav,1,MED,8.23144878791624,0.6040312822518641
MED_20041021_QIJQWY.wav,1,MED,9.64969395991195,0.3200327525087004
MED_20041021_QMOJGM.wav,1,MED,21.4904654082721,0.8905491648473884
MED_20041021_QSLGZJ.wav,0,MED,16.3568012932099,0.08904848046871122
MED_20041021_RGMKDO.wav,1,MED,13.4638211421628,0.4110927093934047
MED_20041021_SFVZCG.wav,1,MED,13.4539370954255,0.7191671599878164
MED_20041021_SPPSLS.wav,1,MED,8.68078297724296,0.37570353729610345
MED_20041021_TFWXRA.wav,0,MED,10.8158685365674,0.20679486045526746
MED_20041021_VPKERL.wav,0,MED,11.5128894949046,0.4433059041203104
MED_20041021_VQTEHV.wav,1,MED,15.1347808101411,0.4469745482998875
MED_20041021_XPTKGY.wav,1,MED,10.6199700758845,0.7995231409595626
MED_20041021_XXQHPG.wav,0,MED,10.9754702987947,0.3911992285189522
MED_20041021_YBACAP.wav,0,MED,8.97509335289722,0.3467580355914152
MED_20041022_AHLMZX.wav,0,MED,8.61019903525745,0.300053466487835
MED_20041022_BDDQRK.wav,0,MED,11.747787998327,0.3635527750436891
MED_20041022_CXSERV.wav,0,MED,10.3894964195723,0.3799449697387081
MED_20041022_DTTCIF.wav,0,MED,12.4533378260155,0.43122000237400787
MED_20041022_EBLCIV.wav,0,MED,16.9541158899547,0.4107413146201601
MED_20041022_EICPAN.wav,0,MED,11.7662199664044,0.38136924306987696
MED_20041022_EKPWIJ.wav,0,MED,10.180237866476,0.24419542239710865
MED_20041022_FBUUJL.wav,1,MED,8.29263326406436,0.5083821867692553
MED_20041022_GNVKMN.wav,0,MED,13.59437730628,0.392537148941145
MED_20041022_ITPRRI.wav,0,MED,25.558847178221,0.3394861437829947
MED_20041022_KAHLXQ.wav,0,MED,10.8445360725742,0.37467814430334384
MED_20041022_LEXCTC.wav,0,MED,10.1266226667843,0.46523917315071917
MED_20041022_LIEYBJ.wav,0,MED,13.4181098758155,0.6694723111754838
MED_20041022_LUGQGB.wav,0,MED,9.85134267754798,0.36362012988319437
MED_20041022_MQBUCX.wav,0,MED,12.5325820016541,0.2848169095901678
MED_20041022_NQIMUJ.wav,0,MED,10.5026688250342,0.2706173971087289
MED_20041022_NUFPAY.wav,0,MED,10.4597825851352,0.30900761377629904
MED_20041022_PITGOV.wav,1,MED,8.53383890402231,0.5235633259235756
MED_20041022_SDPUHW.wav,0,MED,15.534546898031,0.32464314040914305
MED_20041022_SHJHQB.wav,0,MED,17.4611414614467,0.6493998778943848
MED_20041022_SNDWVB.wav,0,MED,11.9570217759143,0.48391783391771737
MED_20041022_TDQEVK.wav,0,MED,15.4305939602128,0.45486465303499896
MED_20041022_TGFZTT.wav,0,MED,14.5100262480391,0.2415506751370639
MED_20041022_UABJKB.wav,0,MED,12.0877411660264,0.44414798769309477
MED_20041022_UYOBWK.wav,0,MED,10.2904198430233,0.4621968494340063
MED_20041022_VCUQFZ.wav,0,MED,13.6962203537019,0.26049876818564294
MED_20041022_XNXZPL.wav,0,MED,13.716756067022,0.3191024247867959
MED_20041022_YBKTGZ.wav,0,MED,9.6104000146055,0.4963937536926459
MED_20041022_YBNSLS.wav,0,MED,9.12248052956053,0.5177836950906389
MED_20041022_YFBTVZ.wav,0,MED,9.90432555066557,0.40034842225342077
MED_20041022_YQDMAF.wav,0,MED,9.01604066889057,0.3159089273594256
MED_20041022_ZIFPYZ.wav,0,MED,15.6879808052559,0.5427235784349187
MED_20041022_ZSXQWF.wav,0,MED,10.0622612873945,0.332214878438755
MED_20041022_ZYOFAQ.wav,0,MED,18.4121655372557,0.4519700127482596
MED_20041023_ATVGNM.wav,0,MED,13.1541270528993,0.2284207769718529
MED_20041023_BGZHUQ.wav,0,MED,11.1025923433324,0.1264851297125579
MED_20041023_CBOJWZ.wav,0,MED,10.5522499711601,0.20625517230821994
MED_20041023_DEJSVI.wav,0,MED,9.72071262381386,0.9397866514314763
MED_20041023_EXCBAX.wav,0,MED,14.6694766382016,0.3405678026384933
MED_20041023_FEYWCQ.wav,0,MED,10.1138913924946,0.18862004976276175
MED_20041023_FITUEZ.wav,0,MED,10.6685402436692,0.48177032131283437
MED_20041023_FIVKAV.wav,0,MED,19.52281947324,0.42156212256720754
MED_20041023_FVYMOP.wav,0,MED,8.43749476593577,0.4301014854099469
MED_20041023_ISARKI.wav,0,MED,10.7238063329708,0.1611997256649202
MED_20041023_JGOSUW.wav,0,MED,37.0246364752771,0.2868331368103043
MED_20041023_JJTLYM.wav,0,MED,11.7027880378763,0.07807145014293
MED_20041023_JOQOOK.wav,0,MED,9.5623869954713,0.661720681782165
MED_20041023_KNPQCZ.wav,0,MED,12.2035625156229,0.2689506067434816
MED_20041023_MIWFQO.wav,0,MED,11.3109284814165,0.22678156663359003
MED_20041023_NCTVRL.wav,1,MED,12.5451645960775,0.37920105988470765
MED_20041023_NIJEEZ.wav,0,MED,9.72157810016005,0.5288597357924613
MED_20041023_NPWBVS.wav,0,MED,9.06553589988262,0.36616810338814887
MED_20041023_ONCEKX.wav,0,MED,9.22159709926703,0.41866824200351715
MED_20041023_QROMKS.wav,0,MED,10.1670187836265,0.4452195135820457
MED_20041023_RMUDOC.wav,0,MED,11.3815020260996,0.41668435243136054
MED_20041023_SWWWPR.wav,0,MED,10.3768255500557,0.39504039089067544
MED_20041023_TURQYG.wav,1,MED,9.76425740256051,0.1559145103506541
MED_20041023_VBZIZQ.wav,0,MED,8.84456380751763,0.533754745901169
MED_20041023_WIKUJX.wav,0,MED,8.04599745641628,0.5139080471861273
MED_20041023_XMVBJK.wav,0,MED,10.1943391901035,0.6724715043968016
MED_20041024_AYOQWB.wav,0,MED,8.60503226531465,0.4776237104614161
MED_20041024_CGQFJF.wav,0,MED,11.3151476375598,0.28133719378445604
MED_20041024_LARTKE.wav,0,MED,10.0428004800435,0.33488422028751846
MED_20041024_NCAWLP.wav,0,MED,12.4949216313151,0.3105273480524021
MED_20041024_ONXXYV.wav,0,MED,14.4730236903483,0.48136445168333153
MED_20041024_ZBGYJE.wav,0,MED,8.80549481447232,0.5099357118830595
MED_20041026_AMADZU.wav,1,MED,11.6730387776861,0.9955991723928752
MED_20041026_ANIBXF.wav,0,MED,8.74381951700157,0.3977618727278128
MED_20041026_BBQHCJ.wav,1,MED,22.1155507675804,0.9999990463265931
MED_20041026_BTRZPU.wav,1,MED,20.5533675518796,0.9999840262101118
MED_20041026_BYASFF.wav,0,MED,8.53641874411159,0.5735396713601894
MED_20041026_CUOVBE.wav,0,MED,9.93834866808736,0.18906062256610337
MED_20041026_DUVWDK.wav,0,MED,10.0256941591174,0.4719592376561744
MED_20041026_EUYWND.wav,1,MED,14.718284433655,0.9933439646474262
MED_20041026_FNMDUP.wav,1,MED,9.82144713681817,0.4206941737994674
MED_20041026_GGDVNM.wav,1,MED,8.92351600411062,0.5360457259718123
MED_20041026_HCFMLS.wav,1,MED,11.2405702001425,0.5797458740892719
MED_20041026_HEQXDO.wav,1,MED,13.3368458347397,0.49517013991484443
MED_20041026_HLRIXW.wav,1,MED,11.6512026888988,0.5345015987015681
MED_20041026_HVJUBD.wav,1,MED,15.7131329893593,0.9973491553775619
MED_20041026_IDJSQG.wav,1,MED,15.9337257223769,0.9998654308186331
MED_20041026_IISCJP.wav,1,MED,10.8423716301157,0.47643864065360464
MED_20041026_JHPRCP.wav,1,MED,17.3212496679233,1.0
MED_20041026_JIROIG.wav,0,MED,8.94614532413688,0.20222460889100655
MED_20041026_LJSCUL.wav,1,MED,8.78577587836374,0.5421412559966678
MED_20041026_LYNDZG.wav,0,MED,8.27397617612862,0.34180493929754857
MED_20041026_MVLAWV.wav,1,MED,9.55983968220198,0.6986587190681435
MED_20041026_NPKHFP.wav,0,MED,9.7996936929822,0.5141611547191455
MED_20041026_PISFME.wav,0,MED,9.89666799187619,0.32150673837385413
MED_20041026_QJNMWU.wav,0,MED,8.03024135388307,0.2527083966886416
MED_20041026_QSFSVI.wav,1,MED,13.5287824743884,0.9999878408000585
MED_20041026_SHLIYC.wav,0,MED,9.94952965101011,0.5494236077456359
MED_20041026_TFXHHG.wav,1,MED,12.7165662678002,0.9279676949299845
MED_20041026_TJEJFX.wav,1,MED,13.2965126545455,0.9992978737957048
MED_20041026_VHVBIP.wav,1,MED,10.946162621815,0.4271041012915928
MED_20041026_VWFOAM.wav,1,MED,13.4610140625451,0.9233776502068693
MED_20041026_WIFUBB.wav,1,MED,8.98853477829343,0.43456581235540875
MED_20041026_WPCVBG.wav,1,MED,8.00376597321154,0.4136643742924849
MED_20041026_XTBYGA.wav,1,MED,15.6321199020122,0.9999705561718785
MED_20041026_YZVDVP.wav,0,MED,11.1641653857698,0.30216336125811527
MED_20041026_ZGJRJC.wav,1,MED,15.6672827602028,0.9691904561410509
MED_20041026_ZVCJXV.wav,1,MED,8.07792473136903,0.4966287922387465
MED_20041027_AHJFFJ.wav,0,MED,11.0610986238086,0.5723811639161899
MED_20041027_AIUCPZ.wav,0,MED,12.0408520731131,0.1588622214466737
MED_20041027_CWTJAM.wav,1,MED,16.2375168154655,0.9561264602094002
MED_20041027_DBYAWR.wav,0,MED,14.7342008088381,0.2352134662099242
MED_20041027_DLGNJO.wav,0,MED,10.2065651021237,0.3892288133332
MED_20041027_DVQUTO.wav,1,MED,9.5268542045987,0.6315992439782613
MED_20041027_EDFHWM.wav,1,MED,11.4262219243108,0.9902407907683822
MED_20041027_EHWERD.wav,0,MED,11.739111284789,0.2567591900027241
MED_20041027_EJBKUK.wav,1,MED,14.7127169704696,0.5272396648043287
MED_20041027_ELGBWG.wav,0,MED,17.6084400941391,0.032984715959240074
MED_20041027_FALJOY.wav,1,MED,8.28955147308018,0.4740985647506387
MED_20041027_FNLTAD.wav,1,MED,19.2214713955058,0.9998953451992663
MED_20041027_GOTIMP.wav,0,MED,14.9044870664448,0.4196155395437781
MED_20041027_GTPFEQ.wav,1,MED,21.4715796335378,0.999691104969663
MED_20041027_IRWXIO.wav,0,MED,9.10488578682148,0.5002379377814047
MED_20041027_JPNKQV.wav,1,MED,14.5360012725599,0.48145673257543825
MED_20041027_KJAHLE.wav,0,MED,13.4341496342757,0.08264160561124834
MED_20041027_MHVCER.wav,1,MED,14.8818631803881,0.4535956848002997
MED_20041027_NEDCEO.wav,1,MED,9.88865391253089,0.4046580395122528
MED_20041027_NFOQQO.wav,0,MED,19.0804030873934,0.283575996777374
MED_20041027_NPIUWE.wav,1,MED,18.0922466640922,0.998376268424577
MED_20041027_NXWBZC.wav,0,MED,9.54500644918504,0.5741943576601355
MED_20041027_OELFTG.wav,0,MED,16.4747422934709,0.22839025431747967
MED_20041027_OFSZIA.wav,1,MED,12.4154100614191,0.6787763011801272
MED_20041027_OKQCEF.wav,1,MED,16.6851898121406,0.979001542812551
MED_20041027_OMGGHM.wav,1,MED,10.9171584928636,0.6242706939476063
MED_20041027_PCDUSQ.wav,1,MED,10.8572077539322,0.4914103861842763
MED_20041027_POWGHJ.wav,0,MED,8.92701080920488,0.43141309868730127
MED_20041027_QEVOZG.wav,0,MED,8.99511190915132,0.39929479674312285
MED_20041027_QJVZCQ.wav,0,MED,11.0648165320703,0.4173041314520783
MED_20041027_RTAENS.wav,1,MED,16.2508232377744,0.5260042212391312
MED_20041027_RZUZHX.wav,0,MED,16.8096234973364,0.28828862517977105
MED_20041027_SSVOUL.wav,1,MED,14.0526753879936,0.42231081921882563
MED_20041027_TGXFFB.wav,1,MED,13.5637050194455,0.9917260485250965
MED_20041027_UOPZIR.wav,0,MED,11.7629281039257,0.21449197558708613
MED_20041027_UQIKCV.wav,1,MED,16.8776002204623,0.9993573982863345
MED_20041027_VUXNQQ.wav,0,MED,10.0678963310191,0.42607614902378604
MED_20041027_VYVDLD.wav,0,MED,14.0691319107244,0.3549355505801996
MED_20041027_WNQJGH.wav,0,MED,10.0280755203615,0.3274263442633261
MED_20041027_WWHOKZ.wav,1,MED,11.2405528671862,0.5596015724559313
MED_20041027_WZFMTW.wav,0,MED,10.5555987740745,0.05034459848045237
MED_20041027_XCGKUC.wav,1,MED,12.3026963737546,0.9732775315654421
MED_20041027_XMYBKF.wav,1,MED,14.72227978686,0.9999879600069962
MED_20041027_YLWXZU.wav,0,MED,10.3856298725851,0.2798793974470096
MED_20041027_ZRZKTE.wav,0,MED,13.7427957789729,0.44423710570332786
MED_20041028_ARHPFI.wav,1,MED,8.6644924434032,0.6580463630141149
MED_20041028_BBBLXM.wav,0,MED,11.8482972967009,0.3938627419985156
MED_20041028_BXJMYE.wav,0,MED,12.0755735976989,0.4730821810775552
MED_20041028_CAZSPQ.wav,1,MED,8.2627106378932,0.524916982877768
MED_20041028_CDTIMN.wav,0,MED,9.09906840168679,0.32018852228552996
MED_20041028_CKWNFU.wav,0,MED,8.46215943386848,0.3601819996790437
MED_20041028_DEUCMD.wav,0,MED,16.240023201276,0.20582347424566658
MED_20041028_DGMSDG.wav,1,MED,23.4701582322025,1.0
MED_20041028_DMLBFY.wav,1,MED,20.7908617878299,0.999921208870625
MED_20041028_DSZTZV.wav,0,MED,9.73917179187693,0.3642386954803491
MED_20041028_EOFFVT.wav,0,MED,15.3283562599949,0.19368578150304971
MED_20041028_GOJQDJ.wav,0,MED,11.657299848033,0.27800449716038517
MED_20041028_GRXENK.wav,1,MED,15.0281530775968,0.9973957586861445
MED_20041028_HYGZBF.wav,0,MED,9.20506292483628,0.37489159266817307
MED_20041028_JUVMVA.wav,1,MED,10.9810258770577,0.9936144641478466
MED_20041028_LBIVIU.wav,0,MED,10.2837577778932,0.3030744342860317
MED_20041028_LIPBGG.wav,1,MED,15.9014526855809,0.9996666827679782
MED_20041028_NGMXOS.wav,0,MED,9.30881677370284,0.3653213013399299
MED_20041028_NZKUGK.wav,1,MED,11.3447327754446,0.9919142616298251
MED_20041028_OXTCGZ.wav,0,MED,10.3746873943502,0.4170979581637266
MED_20041028_OYKIZJ.wav,1,MED,16.1855849127267,0.9999935627400018
MED_20041028_PMHOJB.wav,0,MED,10.6542178441547,0.17289060991155278
MED_20041028_QCOKCF.wav,1,MED,16.6731730572881,0.999984503032491
MED_20041028_QHUEZC.wav,0,MED,9.48583341218258,0.3818705946303267
MED_20041028_QMQTKR.wav,0,MED,8.32232811478948,0.5154976617685714
MED_20041028_QOECFX.wav,0,MED,10.6360023332497,0.43566085581245356
MED_20041028_SDNCPT.wav,1,MED,26.1905403644707,0.9998454094489259
MED_20041028_THPNRD.wav,0,MED,11.0850273261514,0.36221472889645046
MED_20041028_TOYGVK.wav,1,MED,26.2243545612679,0.9998996358499792
MED_20041028_UBCXYB.wav,1,MED,9.72436471599939,0.4405017554664825
MED_20041028_UGZGSI.wav,0,MED,8.34685599233768,0.41371100201769706
MED_20041028_VEULMU.wav,0,MED,8.22990884112125,0.22360810011022975
MED_20041028_VKJVUR.wav,1,MED,14.2086052085672,0.9999798540367254
MED_20041028_WKHEAH.wav,0,MED,8.86153062297854,0.43468238762261785
MED_20041028_WRTJNJ.wav,0,MED,8.03105437635952,0.48626802906476563
MED_20041028_WWTQLN.wav,0,MED,12.7814301962297,0.5019649919793124
MED_20041028_XIOAVK.wav,1,MED,25.2209780627198,1.0
MED_20041028_XYWGAT.wav,0,MED,10.2668309634671,0.26566261369318744
MED_20041028_YDIYOJ.wav,0,MED,9.23320660537956,0.292596848715504
MED_20041028_YJLAOJ.wav,0,MED,12.2530211039057,0.28800846673683256
MED_20041028_ZSWGQB.wav,1,MED,25.7973543458402,0.9999961853172863
MED_20041029_AECLXE.wav,1,MED,12.0762761074596,0.41367995737902186
MED_20041029_APWFQZ.wav,1,MED,9.73112276055551,0.7152981941401353
MED_20041029_AVMVKA.wav,1,MED,9.15480337694601,0.9639210775857887
MED_20041029_BWCMFR.wav,0,MED,8.35448070015139,0.3359463307734443
MED_20041029_CJPLOO.wav,0,MED,8.73272581405755,0.23377975697583345
MED_20041029_CQBPNL.wav,1,MED,9.63481675223318,0.4169479988616435
MED_20041029_CQOHOW.wav,0,MED,9.08849402192802,0.3399480169214938
MED_20041029_CTMOGU.wav,0,MED,9.57626489461347,0.3321059481741847
MED_20041029_CZBJCB.wav,0,MED,9.56662990861577,0.31097228664275045
MED_20041029_DCGANP.wav,1,MED,9.94966906042643,0.41878891474579033
MED_20041029_GHYMVV.wav,0,MED,8.43784116695447,0.28599519427716635
MED_20041029_GQRYLT.wav,1,MED,15.8156192351272,0.15588932773396214
MED_20041029_KAYTAK.wav,0,MED,8.03537764737567,0.23327103831488816
MED_20041029_KGDNKV.wav,0,MED,13.0891861882399,0.2590489375731832
MED_20041029_LHYUDN.wav,1,MED,15.3951835100361,0.9999997615814777
MED_20041029_MCXWTY.wav,1,MED,11.7367034164395,0.36554281866058674
MED_20041029_MYZDIV.wav,1,MED,22.0578073957445,0.9998997550400364
MED_20041029_NUYTZH.wav,1,MED,8.4409598047652,0.5362402139058812
MED_20041029_OKESYK.wav,1,MED,10.8332690209987,0.7839175839344025
MED_20041029_OQRVEL.wav,0,MED,11.5031536548517,0.15709362933322368
MED_20041029_OYIXDZ.wav,0,MED,12.2399572790103,0.391321710101596
MED_20041029_QBQLNU.wav,1,MED,8.67356371830695,0.31014093832782885
MED_20041029_QGVGFZ.wav,0,MED,9.03812395899863,0.5202999137769685
MED_20041029_QIMXXG.wav,1,MED,11.1985927407602,0.9936046959312304
MED_20041029_QLQNZB.wav,1,MED,11.8318194449378,0.3394776452099489
MED_20041029_QXONVS.wav,0,MED,8.70554247276159,0.27760047426072365
MED_20041029_RYALPY.wav,1,MED,21.4568767077978,0.9999997615814777
MED_20041029_SMJGLS.wav,0,MED,10.667748503517,0.3661808495967123
MED_20041029_SUVOSZ.wav,1,MED,11.6375704853833,0.3939287856604114
MED_20041029_SYRATU.wav,0,MED,14.7282277096256,0.38234047105408314
MED_20041029_UAZXNN.wav,1,MED,12.1622856907376,0.8866839214770234
MED_20041029_UQZHFT.wav,0,MED,9.20236558156164,0.45231656072377063
MED_20041029_VNMYYA.wav,0,MED,9.31441457519625,0.2485732761869405
MED_20041029_VSDXVZ.wav,1,MED,12.3640990553237,0.9753520535510569
MED_20041029_XLIYIA.wav,0,MED,8.67096455849026,0.507752902254753
MED_20041029_YAFRCM.wav,1,MED,12.5139355323097,0.910019798744057
MED_20041029_YDFLMZ.wav,1,MED,8.50860416868506,0.5364792181107819
MED_20041029_ZFRHVK.wav,0,MED,10.044924544802,0.719232940417434
MED_20041029_ZIXHPD.wav,0,MED,8.455810195605,0.5730691625419247
MED_20041029_ZJPGGL.wav,1,MED,12.4101826033606,0.9978718842632928
MED_20041030_ACPSYM.wav,1,MED,10.0835839678689,0.5707376080356249
MED_20041030_AGUVEW.wav,0,MED,17.4556062559252,0.030602112706660668
MED_20041030_CJGKZE.wav,1,MED,9.75037274823275,0.2212113997748172
MED_20041030_JNIMOA.wav,1,MED,9.6844658601715,0.6869315985369562
MED_20041030_KBEDOW.wav,1,MED,9.64627626538517,0.4881969509859914
MED_20041030_TEEOSY.wav,1,MED,9.44359291619064,0.5207304183393763
MED_20041030_VBIOAH.wav,1,MED,9.98832190608153,0.9888220985378977
MED_20041030_VROAJO.wav,1,MED,10.3485545221098,0.6829438798925911
MED_20041030_YNUSTT.wav,0,MED,11.0916445500973,0.14052872887224285
MED_20041030_ZUABBR.wav,0,MED,8.38715213082251,0.2946740517773746
MED_20041103_AAUCYY.wav,0,MED,23.0729603988802,0.44236088689918907
MED_20041103_AQIBFU.wav,0,MED,22.3459533668917,0.4361909131800197
MED_20041103_DJEDWV.wav,1,MED,29.6699552991315,0.4106892934731514
MED_20041103_ECXGPW.wav,1,MED,9.45791328990098,0.5165348786000447
MED_20041103_EDBZMK.wav,0,MED,12.1153849525939,0.3013090440981912
MED_20041103_EIXRSO.wav,0,MED,18.5607609315305,0.2522992666721546
MED_20041103_EMPZGS.wav,0,MED,11.0637699847874,0.24914455977523295
MED_20041103_EVWEKC.wav,1,MED,14.3810678591562,0.9997982193913659
MED_20041103_FGDHRO.wav,0,MED,15.0770227886899,0.3792060549915354
MED_20041103_FGOBAB.wav,1,MED,8.09639554365347,0.43526728984257945
MED_20041103_GTITBO.wav,0,MED,9.51900073552335,0.33979859371208665
MED_20041103_HUEWST.wav,0,MED,9.25616806000983,0.4692580138281716
MED_20041103_HZWDQC.wav,1,MED,15.3722726201718,0.9999938011552557
MED_20041103_IWTAKX.wav,0,MED,8.38632537318059,0.1994211899085989
MED_20041103_JVXVLU.wav,1,MED,9.26597677568384,0.990842809509105
MED_20041103_LAIUNI.wav,0,MED,22.1703355646657,0.33412725087510314
MED_20041103_NGQWXZ.wav,0,MED,8.97027306833272,0.3397512036527569
MED_20041103_QLIPCS.wav,0,MED,11.2977350282225,0.32338761545416617
MED_20041103_RQMYUM.wav,1,MED,9.5294270403348,0.37023642848048666
MED_20041103_TAUQSI.wav,0,MED,10.4180724913323,0.19016981516062006
MED_20041103_TJXISH.wav,0,MED,14.868085249523,0.4562400075101398
MED_20041103_TSADGC.wav,1,MED,20.0987917657122,1.0
MED_20041103_TZNBNH.wav,0,MED,9.33528315187606,0.5972432063821527
MED_20041103_UZENNA.wav,0,MED,18.5655462094901,0.20442166587298544
MED_20041103_VVEKUO.wav,1,MED,8.46868680539214,0.49679506143114754
MED_20041103_WDWAEK.wav,0,MED,11.1361022505057,0.5883116204946646
MED_20041103_XTXYUB.wav,0,MED,20.2686692440306,0.5674590937881799
MED_20041103_YBOWYJ.wav,1,MED,18.9659175093197,1.0
MED_20041103_YINTVV.wav,1,MED,8.3994517739427,0.3133403683433813
MED_20041103_YLBOJF.wav,0,MED,9.48037731669705,0.7163701180005922
MED_20041103_YOMROJ.wav,1,MED,22.7896515600181,0.8604162908091502
MED_20041103_YRBUGH.wav,1,MED,18.4722953155176,0.9999985694905718
MED_20041103_ZUZDSE.wav,0,MED,10.7481292863147,0.3265185436689618
MED_20041104_AZLPLG.wav,1,MED,8.65490970645917,0.5018368932634922
MED_20041104_DNTFOB.wav,0,MED,8.64663250358842,0.3787714784148883
MED_20041104_EZOKFT.wav,0,MED,10.7781752304241,0.403097005237471
MED_20041104_FFQESK.wav,1,MED,10.7262846505789,0.25396959138027764
MED_20041104_FYSLAM.wav,0,MED,10.7107908237558,0.2750884035548641
MED_20041104_GMDZBQ.wav,1,MED,12.3497574999984,0.12356479684559694
MED_20041104_GNMDDP.wav,0,MED,10.0689915910879,0.40097219947640816
MED_20041104_GRNMWQ.wav,0,MED,11.3300199756407,0.27734121595163136
MED_20041104_GTHTZS.wav,0,MED,8.11252719451596,0.3728374307705499
MED_20041104_GYWIXD.wav,1,MED,8.07676720735791,0.4855071327513141
MED_20041104_HEGVFR.wav,0,MED,8.30983856649831,0.3882202562053669
MED_20041104_HRBHUW.wav,0,MED,9.94460947622082,0.30539413198916854
MED_20041104_HSRFUW.wav,0,MED,13.895380901456,0.4631203619465369
MED_20041104_JPQISH.wav,0,MED,11.2440192150344,0.5122135356729325
MED_20041104_LTTPYL.wav,1,MED,10.6261328921433,0.5063877568806826
MED_20041104_MNTPZY.wav,1,MED,9.57828817372385,0.5643524783693215
MED_20041104_NMNCMK.wav,0,MED,8.49559839106548,0.23735133124267718
MED_20041104_NPJWIY.wav,0,MED,20.2206818571128,0.26533513188828334
MED_20041104_OLJYVP.wav,1,MED,11.2329020904484,0.36229660621659265
MED_20041104_QUMJSG.wav,0,MED,9.99939324704908,0.606728624456065
MED_20041104_RHAAVZ.wav,0,MED,9.74593085818603,0.5344574442592369
MED_20041104_SRWQMH.wav,1,MED,8.12720083160916,0.24710207991977082
MED_20041104_TVUHTL.wav,0,MED,16.6032438732472,0.10577671028658976
MED_20041104_UPJSVC.wav,1,MED,8.55223663403154,0.5674631525864205
MED_20041104_UYYKGJ.wav,1,MED,8.38614116996888,0.5802336233608134
MED_20041104_XCTFLO.wav,0,MED,18.039609971036,0.3927991895955644
MED_20041104_ZNJMOR.wav,1,MED,8.27826352182161,0.511068069574129
MED_20041104_ZUBQOE.wav,1,MED,8.0688680601235,0.21503522022960575
MED_20041105_CFVIEE.wav,1,MED,10.1589756578045,0.7273027483885949
MED_20041105_CMCLBE.wav,1,MED,8.08948401784279,0.5475289601814494
MED_20041105_CSKVWH.wav,0,MED,29.5332423650445,0.2651750986506284
MED_20041105_CXSSKI.wav,1,MED,9.23402150365324,0.36215885911322626
MED_20041105_EHQRGA.wav,1,MED,14.0894272363399,0.9940716715300412
MED_20041105_HBRJBA.wav,0,MED,8.83592439025032,0.5283657254393662
MED_20041105_HHRCRR.wav,0,MED,10.2452988622211,0.3813357839489164
MED_20041105_IRMRRE.wav,0,MED,8.30767155462662,0.3260954412114978
MED_20041105_KYYQNA.wav,0,MED,9.88992518543105,0.28539792489222665
MED_20041105_LHEQYS.wav,1,MED,13.8847190021905,0.9602715842257791
MED_20041105_LNUSEP.wav,1,MED,8.18416828985264,0.32032050125409295
MED_20041105_NENVHI.wav,1,MED,12.0610758465145,0.5807460823201571
MED_20041105_NZJITQ.wav,1,MED,10.0668695346699,0.8599344383427621
MED_20041105_NZKMGF.wav,0,MED,12.183881385997,0.17043314681878896
MED_20041105_OMHYAR.wav,1,MED,8.98031130314963,0.35083781404693654
MED_20041105_PYLCFR.wav,1,MED,8.26116306676073,0.4329353085588424
MED_20041105_PZFYOV.wav,0,MED,9.98826615166144,0.562147284063579
MED_20041105_QAMIAU.wav,1,MED,8.94866861687678,0.9029710208664503
MED_20041105_QNMCES.wav,1,MED,14.5941169930341,0.9999446899472569
MED_20041105_RIMARK.wav,1,MED,8.23147368567748,0.3758828638486549
MED_20041105_RVCQHW.wav,1,MED,8.48571842224535,0.5123702106290544
MED_20041105_RVPCUQ.wav,1,MED,9.61794573226796,0.5908567375314836
MED_20041105_TTFLDR.wav,0,MED,17.3816171240427,0.33987491775120104
MED_20041105_UDEQBR.wav,1,MED,8.58430491826971,0.5402949075400746
MED_20041105_UOVEVJ.wav,0,MED,11.9933277384202,0.2369199216694534
MED_20041105_WJLPRG.wav,0,MED,10.6605940638671,0.5912829562019435
MED_20041105_XPULCQ.wav,0,MED,10.0280518949906,0.39815778745980657
MED_20041105_XYKQLO.wav,0,MED,8.02705155549388,0.4339875436156663
MED_20041105_YAZSLH.wav,0,MED,9.49836018836945,0.3728240528593072
MED_20041106_ADVXXD.wav,1,MED,8.8221888990915,0.6029645901891549
MED_20041106_AUUTEZ.wav,1,MED,12.4581427569496,0.6039648962391044
MED_20041106_BDIASV.wav,1,MED,13.0982270021392,0.8590474738220978
MED_20041106_CCIHQY.wav,1,MED,8.32507790418856,0.26111012781970133
MED_20041106_EWLPXE.wav,1,MED,12.7538048589381,0.7294522946346048
MED_20041106_JZLSZH.wav,1,MED,8.7235333375206,0.39444559012564095
MED_20041106_KKVHXM.wav,1,MED,9.37764171161932,0.364071347383631
MED_20041106_LAMIYO.wav,1,MED,10.4655127558401,0.5388159660793902
MED_20041106_MEYTOB.wav,1,MED,10.8541938523231,0.29623051945466744
MED_20041106_MNXJQK.wav,1,MED,8.34600959618524,0.3697955115609375
MED_20041106_MQJLOB.wav,1,MED,8.52072415603803,0.43848465341387716
MED_20041106_MSDRPH.wav,1,MED,10.9983089549539,0.6291486843300542
MED_20041106_ODNZPR.wav,1,MED,12.5597825919242,0.9674118386929877
MED_20041106_OFKONT.wav,1,MED,22.2678616910328,0.32727645566377633
MED_20041106_OMOYNK.wav,1,MED,9.78836774449213,0.6850346316413817
MED_20041106_SDUJED.wav,1,MED,13.9484772107604,0.34275838597656444
MED_20041106_SWQQVP.wav,1,MED,16.0893534892445,0.2261292996076183
MED_20041106_TIQYOD.wav,1,MED,12.3614353756393,0.8406531610981959
MED_20041106_TJZBPL.wav,1,MED,8.48655819011037,0.4192799256932877
MED_20041106_USLQCB.wav,1,MED,12.982078852885,0.333799323360197
MED_20041106_UZQWXU.wav,1,MED,8.43003551782363,0.44637202511495055
MED_20041106_WZLGSC.wav,1,MED,10.3633791932289,0.282653814593715
MED_20041106_WZOZYL.wav,1,MED,11.0820074835832,0.4634018162793702
MED_20041106_XXIMEA.wav,1,MED,9.58023605718452,0.6085943591629256
MED_20041106_XYOUVF.wav,1,MED,8.29075320433904,0.8570004948602258
MED_20041106_YAXRXZ.wav,1,MED,12.4073858199207,0.9114939235935169
MED_20041106_YLAFUH.wav,1,MED,10.2268487525791,0.5130065936024404
MED_20041106_YVBRJB.wav,1,MED,11.8297626128475,0.7597348736195682
MED_20041106_ZJDFRN.wav,1,MED,11.6777767292469,0.48006856609770315
MED_20041106_ZKGCJE.wav,1,MED,12.2408394294859,0.3658376426523588
MED_20041115_DAPMIK.wav,1,MED,10.1784234487232,0.22404657016653365
MED_20041115_HFHCQD.wav,1,MED,20.0337075966418,0.36699079313553334
MED_20041115_SBTPWH.wav,1,MED,9.12982680207634,0.25336918147720466
MED_20041115_UOPDVI.wav,1,MED,8.96308072481422,0.36910167875131955
MED_20041115_XAFYSS.wav,1,MED,8.25170054852914,0.42317032407779726
MED_20041116_ADNSQG.wav,1,MED,9.81480920705358,0.29773994008974186
MED_20041116_AEYYUI.wav,1,MED,8.84695388120453,0.39804977380615125
MED_20041116_AGDFNW.wav,0,MED,13.0723817453284,0.39305697725587324
MED_20041116_AQZUEX.wav,1,MED,8.36686834343151,0.5138370793493182
MED_20041116_AWCOVY.wav,1,MED,8.27598740051592,0.31155298594889735
MED_20041116_BDUXFR.wav,1,MED,13.0431862775081,0.44198692704839565
MED_20041116_BFTHFL.wav,1,MED,9.15616052367717,0.604286886108639
MED_20041116_BHOZFK.wav,1,MED,9.04176843219076,0.8741667282198778
MED_20041116_BSHWAA.wav,0,MED,8.35177415101944,0.4603613821799306
MED_20041116_BYSAVO.wav,1,MED,8.60898021301619,0.5183073227886225
MED_20041116_CGWQNS.wav,1,MED,9.10208991855981,0.4375775334917237
MED_20041116_CIGQWE.wav,1,MED,8.18393888618511,0.5444055048962103
MED_20041116_CJTWFE.wav,1,MED,8.02966007035241,0.5549431191804641
MED_20041116_CUACVF.wav,0,MED,13.128463272671,0.29625523988690716
MED_20041116_CWLSFB.wav,1,MED,12.8092627321022,0.41274482955689995
MED_20041116_DATUDP.wav,1,MED,9.6639407463346,0.5432684122034238
MED_20041116_DDMSPU.wav,1,MED,16.853814020257,0.9985021173543532
MED_20041116_DJTFHE.wav,1,MED,10.0014409805105,0.9578189440514533
MED_20041116_DWHQMW.wav,1,MED,17.2082794043552,0.9999982118638471
MED_20041116_DZFYZU.wav,1,MED,27.9747073354795,0.9999945164027223
MED_20041116_DZPXTD.wav,1,MED,9.34769377802295,0.24068632831088504
MED_20041116_EJZXXT.wav,1,MED,8.66001827736098,0.8323119953620975
MED_20041116_ENDLAN.wav,1,MED,12.506403236527,0.7302148971241046
MED_20041116_ENQHIN.wav,1,MED,9.13084889273639,0.6721992795976787
MED_20041116_ERCWKQ.wav,1,MED,12.493783425808,0.4771546362187441
MED_20041116_FBGVQR.wav,1,MED,10.9765085449181,0.45085402266252667
MED_20041116_FEHKYE.wav,1,MED,12.6807572412795,0.9997650936900874
MED_20041116_FFIGAS.wav,1,MED,8.94300331858194,0.3315124690131007
MED_20041116_FMPLRM.wav,1,MED,21.380828738259,0.9999996423722521
MED_20041116_FRQUOP.wav,1,MED,10.5022254855085,0.41491648874521136
MED_20041116_FSWHUX.wav,1,MED,10.0174004861853,0.7895352169330201
MED_20041116_FUJCOP.wav,1,MED,10.3119598480287,0.626419246165629
MED_20041116_GKCQDP.wav,1,MED,10.8065291408615,0.6608202313212046
MED_20041116_GQDZBH.wav,1,MED,16.6571262401049,0.9994027607145949
MED_20041116_HGTXFC.wav,0,MED,39.7982253675825,0.2847920232593539
MED_20041116_HVEQKX.wav,1,MED,11.2752188190199,0.5140219163661777
MED_20041116_ICDIPS.wav,1,MED,9.5967450220756,0.32402826972107945
MED_20041116_ICWTKY.wav,0,MED,12.0742180454459,0.46147573688007615
MED_20041116_IFEYGL.wav,0,MED,12.5566159296481,0.14517767612199584
MED_20041116_IGBBFZ.wav,1,MED,8.24229072873689,0.2242042588011339
MED_20041116_IKUVWS.wav,1,MED,13.8246293164377,0.998803618063917
MED_20041116_IMNXHD.wav,0,MED,9.98816422250635,0.48120744840095014
MED_20041116_IYLOLN.wav,1,MED,9.17100200761936,0.43584321115570257
MED_20041116_JCAOQY.wav,1,MED,11.3056107618611,0.933311557243214
MED_20041116_JSQIHM.wav,1,MED,12.3701110329026,0.9962577722449759
MED_20041116_JSRESB.wav,1,MED,19.2607163297344,0.9999827149515604
MED_20041116_JZLBOC.wav,1,MED,11.5870655639474,0.2386833678963428
MED_20041116_KAMNBC.wav,1,MED,15.3772750419053,0.9992697806771691
MED_20041116_KGORSS.wav,1,MED,11.3171359814064,0.30974825211369506
MED_20041116_KHUFPJ.wav,1,MED,9.1467159262188,0.7773344762657791
MED_20041116_KLNFRK.wav,1,MED,9.40747355699991,0.42469562257759375
MED_20041116_KYDVPL.wav,1,MED,8.29328143597485,0.6899141947571462
MED_20041116_LEWUNA.wav,1,MED,11.0177694444095,0.3629157324055008
MED_20041116_LIIKFB.wav,1,MED,20.9195605092885,0.9999246654044206
MED_20041116_MGARQQ.wav,1,MED,16.5774757658814,0.9999967813595916
MED_20041116_MWPYSY.wav,1,MED,10.1383742662032,0.4257986344787907
MED_20041116_MYDOKD.wav,0,MED,15.270432360394,0.08552912601586127
MED_20041116_MZKEYU.wav,1,MED,11.8417181741236,0.9935862193104466
MED_20041116_NDVIGO.wav,1,MED,8.36706688849028,0.46594866940372953
MED_20041116_NHCZAY.wav,1,MED,8.32825400895191,0.5679222546318834
MED_20041116_NLCLYB.wav,1,MED,8.9599988463849,0.5371195166958863
MED_20041116_NMBGBL.wav,1,MED,10.1709059951993,0.5446931447528105
MED_20041116_NZYQIY.wav,1,MED,8.45544342047239,0.5464795683246872
MED_20041116_OQXUOT.wav,1,MED,18.994536815291,0.9999914170043662
MED_20041116_OYAHCV.wav,1,MED,12.106244945844,0.9245526862598197
MED_20041116_PCVJJV.wav,1,MED,25.0709737426459,0.9999808076722754
MED_20041116_PPWODK.wav,1,MED,8.01504237037909,0.6226176063023618
MED_20041116_PUJZBF.wav,1,MED,11.742879853248,0.2557766576362582
MED_20041116_PZTVVH.wav,1,MED,27.1948394319621,0.9999574440950153
MED_20041116_RHGHUV.wav,1,MED,12.4613628519623,0.9963887682948026
MED_20041116_RRFXCV.wav,1,MED,8.95396839702281,0.49948474414613925
MED_20041116_RSRDTU.wav,1,MED,13.6086045232833,0.9935524446359364
MED_20041116_RUISAP.wav,1,MED,8.71847217485414,0.5836632042272732
MED_20041116_RZKPMQ.wav,1,MED,12.6174210073686,0.9978562159359143
MED_20041116_SPMXLE.wav,1,MED,9.72066337553341,0.45756148040795697
MED_20041116_SUKPZH.wav,1,MED,8.05107587445955,0.6143621729819462
MED_20041116_SUYEMJ.wav,1,MED,9.76597649313067,0.34062391486542426
MED_20041116_SZACBC.wav,1,MED,8.68096786703713,0.5777477987850212
MED_20041116_TEHRYY.wav,0,MED,13.423180967573,0.41279644674998595
MED_20041116_TFXSLL.wav,1,MED,11.9073076641947,0.9973455981061297
MED_20041116_TKIZGJ.wav,1,MED,15.4718484527464,0.9999998807907247
MED_20041116_TXGYQQ.wav,1,MED,10.5145280328407,0.9229360240971691
MED_20041116_UBNFAL.wav,1,MED,24.175171116724,0.9999998807907247
MED_20041116_UEPKYO.wav,1,MED,17.8179185546431,0.9998199072075284
MED_20041116_UHKYGI.wav,1,MED,11.6283323565639,0.9589336804021019
MED_20041116_UQJTJO.wav,1,MED,8.64462280869007,0.8465008935152858
MED_20041116_VCNUUZ.wav,1,MED,21.0362533957203,0.9999998807907247
MED_20041116_VHRSWD.wav,1,MED,10.2737873772215,0.7212266496706474
MED_20041116_VLZNRG.wav,1,MED,12.1363098320056,0.997021631697345
MED_20041116_VQPRCK.wav,1,MED,10.7888813517981,0.7717571222113716
MED_20041116_VRZSOF.wav,1,MED,9.2529010600151,0.9660978130293519
MED_20041116_VYHFOS.wav,1,MED,9.67331654833985,0.2998275262714129
MED_20041116_WNUSDI.wav,1,MED,9.92205425400348,0.4475573967637602
MED_20041116_WUPYEQ.wav,1,MED,17.5680315798171,0.9999750858798929
MED_20041116_XBTDWS.wav,1,MED,8.14425351549702,0.30850417361336735
MED_20041116_XFJFIT.wav,1,MED,9.9413273500444,0.46209368964711184
MED_20041116_XHFWKN.wav,1,MED,8.29084326420395,0.39066599937351204
MED_20041116_XQYICL.wav,0,MED,9.40404502120569,0.5644426018443207
MED_20041116_YAZAGK.wav,1,MED,10.1547611672155,0.46061941486683444
MED_20041116_YIFVYJ.wav,1,MED,12.3947241935238,0.5952423361089774
MED_20041116_YJKEDT.wav,1,MED,16.8898765605872,0.38708107274630366
MED_20041116_YKXOZX.wav,1,MED,10.3047429733926,0.6484188683067408
MED_20041116_YQFBKX.wav,1,MED,9.96894274322655,0.5928899002189459
MED_20041116_YSIHHJ.wav,0,MED,8.44316075470509,0.3190016347782638
MED_20041116_ZDQZRL.wav,1,MED,9.73984474972903,0.5381307269791156
MED_20041116_ZIIDLG.wav,1,MED,8.70993096022207,0.34883337516758484
MED_20041116_ZIQEMU.wav,1,MED,9.26927855105202,0.3984728601385224
MED_20041116_ZKZVNR.wav,1,MED,11.3802513504766,0.2402578501454104
MED_20041117_AASPEM.wav,1,MED,8.27427146719701,0.6978111884665129
MED_20041117_AYTFOE.wav,1,MED,8.93704921137222,0.8475354948425058
MED_20041117_BCSXNM.wav,1,MED,9.61288912056677,0.8655539595648116
MED_20041117_BEWMJX.wav,1,MED,17.8716151576368,0.9979212669279565
MED_20041117_BLZXQM.wav,1,MED,13.4611613908432,0.9933870185226913
MED_20041117_BUPCWO.wav,0,MED,9.46945103588486,0.25594908108789244
MED_20041117_CBEQFL.wav,0,MED,8.07668649874035,0.23267370833350726
MED_20041117_CRXSJX.wav,0,MED,8.70796606456327,0.3868455349111412
MED_20041117_ECPEAV.wav,0,MED,11.2617233297911,0.2565527603100947
MED_20041117_EIFZHJ.wav,1,MED,11.6884374083242,0.2820093592943965
MED_20041117_HFFYGQ.wav,1,MED,17.477290249271,0.9999995231630692
MED_20041117_HLAOPP.wav,0,MED,8.32299117898547,0.3365781194290522
MED_20041117_HVRMIX.wav,1,MED,19.8821694280172,0.39884480541578415
MED_20041117_IBXLXP.wav,1,MED,13.8358877800663,0.9972330809532092
MED_20041117_KFLGNU.wav,0,MED,12.3575711081298,0.19626655026345857
MED_20041117_MJXRJX.wav,0,MED,8.40284731512885,0.48757986465690134
MED_20041117_MMDBDV.wav,1,MED,9.08564686267255,0.7479408064683508
MED_20041117_NIYABZ.wav,0,MED,21.8910761280923,0.3431327860396889
MED_20041117_OJYSMH.wav,1,MED,16.1795918979435,0.99536869119264
MED_20041117_OVOFWL.wav,0,MED,11.4067274288109,0.3308771724029909
MED_20041117_PKWXIO.wav,1,MED,11.4911849370653,0.3181111244293432
MED_20041117_RRBXIE.wav,1,MED,22.5060435364694,0.4231396541223934
MED_20041117_RRPMQT.wav,1,MED,11.7254603471898,0.9792916076741283
MED_20041117_SUVIHA.wav,0,MED,8.43681869495146,0.32923778876354587
MED_20041117_UWCEBL.wav,1,MED,17.3791492202181,0.9973329103216241
MED_20041117_VWTELY.wav,1,MED,17.4999707260017,0.9988187217386554
MED_20041117_WGJFFY.wav,0,MED,45.4124171841332,0.27201864936786674
MED_20041117_WLVJHT.wav,1,MED,12.8464905781145,0.998379833091396
MED_20041117_WNOSWB.wav,1,MED,18.4010157776001,0.9999100050888825
MED_20041117_XICZFH.wav,1,MED,9.77051464956939,0.798340544886145
MED_20041117_XMJRBJ.wav,1,MED,10.8321795018253,0.9858397465418306
MED_20041117_YGWZUR.wav,1,MED,18.5465751815631,0.29892012029854026
MED_20041117_YHUAFK.wav,1,MED,8.10903176181593,0.4474796148505007
MED_20041117_ZPRJCN.wav,1,MED,10.858657672773,0.9398808884823783
MED_20041118_DJEZNW.wav,0,MED,13.1227689927191,0.10048844185965045
MED_20041118_LITGKA.wav,0,MED,9.26081602146802,0.20192113618495489
MED_20041118_QOHFYO.wav,0,MED,11.962521261728,0.33600560692898884
MED_20041118_SAFPRC.wav,0,MED,28.6283815378257,0.2918850772079153
MED_20041118_UTWTUG.wav,0,MED,23.6917776420774,0.5046106552467766
MED_20041119_BTEQHP.wav,0,MED,8.92930105059973,0.17554333277488002
MED_20041119_CHMVFQ.wav,0,MED,9.03498729068022,0.28639531995102113
MED_20041119_CJMJWJ.wav,0,MED,8.32846912868822,0.1993030262785398
MED_20041119_CXSBIM.wav,0,MED,9.5766900692196,0.5792335381778085
MED_20041119_EMKJKS.wav,0,MED,8.29035788138227,0.36841402266023027
MED_20041119_FGDJOB.wav,0,MED,14.2650105363321,0.4580803937966803
MED_20041119_NLSGKQ.wav,0,MED,21.8797560614872,0.2485749948630141
MED_20041119_OPZEGL.wav,0,MED,15.2626201681663,0.2674433748570499
MED_20041119_PFLTAK.wav,0,MED,9.01158805709645,0.3695312399237468
MED_20041119_UFGPJN.wav,0,MED,8.18064549343223,0.3472207372340793
MED_20041119_VMEXHK.wav,0,MED,15.2319425748411,0.46507179474739524
MED_20041120_AJWOQZ.wav,1,MED,18.1277409092827,0.9001417258890879
MED_20041120_ALOPBS.wav,1,MED,16.8735462228617,0.9930977133806937
MED_20041120_BNOCSQ.wav,1,MED,14.7262042900162,0.7924079471985235
MED_20041120_DBNINV.wav,0,MED,8.59749289770777,0.376976148196096
MED_20041120_EOUUGJ.wav,1,MED,17.5108741702006,0.9782028624926866
MED_20041120_FDVZNK.wav,0,MED,11.1275700970303,0.36522485150468015
MED_20041120_FNVCOL.wav,0,MED,11.5282049768171,0.5572772767987526
MED_20041120_GDJIOM.wav,1,MED,15.70730549815,0.9633025341808565
MED_20041120_GSNEIV.wav,0,MED,9.23086757718981,0.26453526809938377
MED_20041120_GXKBYZ.wav,0,MED,22.0161607882265,0.2598992188777296
MED_20041120_HDAFHV.wav,1,MED,11.8034262240208,0.5807938185930422
MED_20041120_HHQNOE.wav,1,MED,8.72682543496734,0.49013218067756065
MED_20041120_HZVPQV.wav,0,MED,49.0052083491418,0.2340767473168679
MED_20041120_JGGVXO.wav,1,MED,13.0404125826567,0.21456972075902747
MED_20041120_JTKWNO.wav,1,MED,11.4691660161879,0.7967899671768599
MED_20041120_KPGXOT.wav,1,MED,14.5917614196275,0.9997649745379049
MED_20041120_KPVVVI.wav,1,MED,10.203055023191,0.8567999607248833
MED_20041120_LIJVAQ.wav,0,MED,8.32971243748888,0.41626574792749504
MED_20041120_LMYCBT.wav,1,MED,9.88633177918593,0.4966382943735105
MED_20041120_LYTIAJ.wav,0,MED,12.4125116246075,0.12457027489313202
MED_20041120_NEXOVL.wav,1,MED,9.83611439300738,0.2458331075398398
MED_20041120_NXZEDI.wav,0,MED,11.0011370790116,0.30467828734990776
MED_20041120_OCSOKA.wav,0,MED,9.68164804995546,0.35976635151936476
MED_20041120_PHGNGP.wav,1,MED,22.1133106221391,0.988940886788185
MED_20041120_QLQNGN.wav,0,MED,13.8388649005342,0.9797855050274448
MED_20041120_QSMKAT.wav,0,MED,10.3901241922779,0.35206709499020566
MED_20041120_QXKHVC.wav,1,MED,13.8789463569121,0.20058339516577625
MED_20041120_ROBAZW.wav,1,MED,14.9931115021152,0.27893767861623053
MED_20041120_SFIZXS.wav,1,MED,12.7034657911008,0.6852908752068368
MED_20041120_SKUAIF.wav,0,MED,8.84040748557479,0.2231448965851152
MED_20041120_UIZZSR.wav,0,MED,9.95841460787895,0.22556192681470238
MED_20041120_UMZGTC.wav,1,MED,21.0267007304083,0.999663704522739
MED_20041120_URCSGG.wav,0,MED,9.57442573255202,0.3137804349196809
MED_20041120_WDWUAA.wav,1,MED,12.9807982963929,0.9323481936674666
MED_20041120_WHQYGD.wav,0,MED,8.36783963889433,0.21671055015738344
MED_20041120_XSOEMP.wav,1,MED,10.4920403147264,0.3771391998837259
MED_20041120_XXOFVR.wav,1,MED,10.6051149615154,0.5433760583769127
MED_20041120_YHFWFI.wav,0,MED,9.26699906462808,0.5379877872866816
MED_20041120_YPSPTV.wav,0,MED,11.7626818132126,0.26644778063396224
MED_20041120_ZPKOBC.wav,0,MED,16.545769820752,0.38316368395428263
MED_20041121_HTRRKI.wav,0,MED,11.2119802363678,0.3242289227670367
MED_20041121_IMXBLU.wav,0,MED,9.75926420902328,0.3043164598020406
MED_20041121_NGAAVL.wav,0,MED,14.2573022676908,0.4009305920738797
MED_20041121_QSLVGF.wav,0,MED,14.001697415232,0.11081625694865277
MED_20041121_QYPENZ.wav,0,MED,13.5041135515473,0.3697341750700329
MED_20041121_VBVPWM.wav,0,MED,12.3120034862302,0.40471954890828427
MED_20041121_WIIGBT.wav,0,MED,16.9634835734796,0.3752960815323083
MED_20041123_CXSDZK.wav,0,MED,10.6632172191848,0.33579102078993545
MED_20041124_AQXDXP.wav,0,MED,13.9691795603301,0.5643638144989476
MED_20041124_BJLCFX.wav,0,MED,31.3655468426618,0.6304904070490828
MED_20041124_BNANKU.wav,0,MED,13.6693840433233,0.41913892501921973
MED_20041124_DFFAUD.wav,0,MED,14.3008453671338,0.3709212072448702
MED_20041124_DNTGJE.wav,0,MED,10.3308284161172,0.5137516981542174
MED_20041124_DXDCRP.wav,0,MED,11.0674882541923,0.5983846927918414
MED_20041124_EACCUJ.wav,1,MED,15.4661444753175,0.3957557132900429
MED_20041124_ESBABS.wav,0,MED,9.74198437092491,0.25469041320875624
MED_20041124_FJGRJW.wav,0,MED,13.7054850659866,0.8216092252057345
MED_20041124_FJNKOR.wav,1,MED,8.09764090181649,0.45753753552533144
MED_20041124_GDYJDN.wav,0,MED,8.15312379624702,0.3803086650745456
MED_20041124_JFISRT.wav,0,MED,10.2786547215733,0.17394497160288888
MED_20041124_KQOSIE.wav,1,MED,15.4592274114582,0.4869175554202825
MED_20041124_MPBVUT.wav,0,MED,11.2479583934167,0.3046935786566141
MED_20041124_OCUAAM.wav,1,MED,9.2342872769566,0.7249702233192308
MED_20041124_OLFORY.wav,1,MED,8.32931272958819,0.576917513240423
MED_20041124_ONKPBQ.wav,1,MED,33.5716206990285,0.9993789479229016
MED_20041124_POJEGO.wav,1,MED,21.5840782840347,0.6631178558285316
MED_20041124_PPPLCT.wav,0,MED,14.7495594934896,0.3436060103200497
MED_20041124_QVLIUP.wav,0,MED,11.5426258890776,0.4533488014457326
MED_20041124_UHHAFM.wav,0,MED,8.72554541255739,0.43591663195778363
MED_20041124_UWUKDU.wav,1,MED,9.85126683337327,0.40101808972880737
MED_20041124_VRREDM.wav,0,MED,8.7472225693442,0.41924269071051046
MED_20041124_XGIAWV.wav,0,MED,15.7437697471697,0.741090374453629
MED_20041124_XHIRND.wav,0,MED,8.09230373333772,0.12751753307417338
MED_20041124_YGIPDW.wav,1,MED,15.1608586667559,0.3254690124047957
MED_20041124_YQJFTW.wav,1,MED,29.2780508428313,0.749717650921735
MED_20041124_YYUVWA.wav,0,MED,16.1053807980735,0.30365479205544577
MED_20041124_ZBATUS.wav,0,MED,16.8393989298425,0.1458344516261678
MED_20041124_ZBWBST.wav,0,MED,9.61763827792478,0.30479736915564964
MED_20041124_ZJSYDS.wav,0,MED,19.3022318509071,0.47676294204092
MED_20041124_ZLKBGZ.wav,1,MED,34.7996387174513,0.9686330228887297
MED_20041127_BUVKKF.wav,1,MED,12.7281625777817,0.26451893344193456
MED_20041127_GIVBLZ.wav,1,MED,12.3814092321134,0.449018500913456
MED_20041127_KLPARI.wav,1,MED,12.2620847418896,0.5961138461268749
MED_20041127_KOZSCH.wav,1,MED,9.35601595904382,0.4351356182610777
MED_20041127_UGEPLC.wav,1,MED,8.274519768195,0.4584056692197953
MED_20041129_AYQNFR.wav,1,MED,13.6605789674372,0.9899180357950198
MED_20041129_BBNOCX.wav,1,MED,8.17492148536556,0.667703746883721
MED_20041129_BNORLB.wav,1,MED,13.2071696957851,0.9994700380728284
MED_20041129_BOBZYT.wav,1,MED,9.0955084415993,0.6574793503032254
MED_20041129_CEGXIC.wav,1,MED,8.97929760546399,0.6860948996517977
MED_20041129_CTHGDK.wav,1,MED,12.0627543017358,0.9897856983916618
MED_20041129_DMKYXX.wav,1,MED,10.8569859678934,0.9812569872718486
MED_20041129_DQANPX.wav,1,MED,10.9146916966176,0.4630609340793745
MED_20041129_GFTJEA.wav,1,MED,11.6985637241244,0.9997374508952088
MED_20041129_IQOOER.wav,1,MED,8.32544204430964,0.8635961819765462
MED_20041129_IWCCDY.wav,1,MED,8.96934882964752,0.9419509236606974
MED_20041129_KDQLBC.wav,1,MED,9.28959491704115,0.5249146676085917
MED_20041129_LQNCZJ.wav,1,MED,8.12530543161616,0.8949989867011587
MED_20041129_MCEGFT.wav,1,MED,9.64083668825318,0.9828209774422519
MED_20041129_MSBMHI.wav,1,MED,32.5918570589821,0.5911937623640322
MED_20041129_OQPEXO.wav,1,MED,8.06487614990254,0.376483466482709
MED_20041129_OXNCKS.wav,1,MED,9.35374720676582,0.368153569015508
MED_20041129_PBOXBK.wav,1,MED,9.75871996318275,0.5661251888912368
MED_20041129_QCKXBX.wav,1,MED,19.1426983705325,0.9996863395662022
MED_20041129_ROWAEC.wav,1,MED,13.472982431265,0.985970102758586
MED_20041129_RVTQXA.wav,1,MED,12.6141380016403,0.5109179747315123
MED_20041129_UEDBSE.wav,1,MED,13.0764988484584,0.9666563440680197
MED_20041129_UZQFFN.wav,1,MED,9.03047817293164,0.6237972347067596
MED_20070513_JGMGHP.wav,0,MED,8.3524267753844,0.6033495530878776
MED_20070514_DNUKJT.wav,0,MED,14.2124956219589,0.244930719667897
MED_20070515_RYHPFH.wav,0,MED,8.87289397924759,0.37962289213980543
MED_20070515_XDVVXS.wav,0,MED,9.09487530372628,0.6468419091992689
MED_20070517_CRLZUC.wav,0,MED,15.0739182240714,0.3395013608071829
MED_20070517_CZKLEO.wav,0,MED,15.3304872246572,0.40060228172723344
MED_20070517_ELWVTU.wav,0,MED,13.7611775379303,0.40518278559513327
MED_20070517_IBIRCT.wav,0,MED,19.0872698068775,0.5476764588265933
MED_20070517_JAVBNA.wav,0,MED,14.7801523988488,0.37132603798341385
MED_20070517_KYAZEC.wav,0,MED,10.5122462215543,0.2831865278620282
MED_20070517_MVTNBD.wav,0,MED,9.67836195546757,0.166857805448425
MED_20070517_PNLWPE.wav,0,MED,8.48642649002731,0.3552317708009327
MED_20070517_UWJIXK.wav,0,MED,8.54373226040942,0.36678090311121414
MED_20070517_UZNYXJ.wav,0,MED,8.2778108519694,0.35953127623914016
MED_20070517_WYLDLF.wav,0,MED,18.4411837885643,0.24862916888138092
MED_20070519_EEMQQH.wav,1,MED,20.1239312065895,0.9999687681413515
MED_20070519_EGSIFL.wav,1,MED,12.2384972941535,0.33556029052404235
MED_20070519_FHRRKD.wav,1,MED,8.64812065219235,0.6400342805052733
MED_20070519_GSMQZS.wav,1,MED,8.53184531540576,0.49927471982881716
MED_20070519_ITPSMX.wav,1,MED,8.2756987344925,0.3231527336207172
MED_20070519_JPHYER.wav,1,MED,11.2642083903432,0.6999711938689881
MED_20070519_LEDXUT.wav,1,MED,12.3881048094884,0.9185080269643321
MED_20070519_LORXZG.wav,1,MED,8.44901951293854,0.7206964315720059
MED_20070519_LWAPUX.wav,1,MED,11.2502777155149,0.9641607164083245
MED_20070519_MEHIUZ.wav,1,MED,12.1115063548954,0.5734874722811785
MED_20070519_MOYEUS.wav,1,MED,13.7872947635003,0.3502083558182954
MED_20070519_NKDRWO.wav,1,MED,18.0436466613496,0.3127573814985283
MED_20070519_OCDEWJ.wav,1,MED,20.9445123432199,0.9997080225114381
MED_20070519_ONWEVJ.wav,1,MED,13.9519407528848,0.9997189834816779
MED_20070519_ORFJOZ.wav,1,MED,11.5498717004826,0.9827842462020914
MED_20070519_OTPTDD.wav,1,MED,8.86683840668281,0.2579450755620277
MED_20070519_PFETLR.wav,1,MED,12.343629218209,0.4347309439677739
MED_20070519_PZQFBM.wav,1,MED,19.8223590731305,0.9998656691760569
MED_20070519_RYLCVG.wav,1,MED,8.90036777730039,0.6394721537827128
MED_20070519_SEELBH.wav,1,MED,13.5489152166466,0.8282872152135448
MED_20070519_TZWIAO.wav,1,MED,13.871195898586,0.8134851887944241
MED_20070519_UQBLZB.wav,1,MED,8.57110326372576,0.4678103169471242
MED_20070519_USFPNA.wav,1,MED,9.47071077436484,0.6223594978324932
MED_20070519_UUHBCE.wav,1,MED,8.21655125158683,0.4737448723643314
MED_20070519_VUCRGX.wav,1,MED,10.7812431194973,0.43749488853748436
MED_20070519_WUPHLT.wav,1,MED,9.70126273777727,0.7112854849102749
MED_20070519_XBJABC.wav,1,MED,9.87903356531903,0.5786029026569874
MED_20070519_YCIVNI.wav,1,MED,16.0504917476458,0.9999426636198856
MED_20070520_BWTLBV.wav,1,MED,11.5241963026065,0.625821795274155
MED_20070520_GQTGWF.wav,1,MED,8.76587880594525,0.42484581077717826
MED_20070520_LGYVJM.wav,1,MED,9.40663742533177,0.36739595469799335
MED_20070520_MIDDLD.wav,1,MED,8.12475258474195,0.3242088248182092
MED_20070520_MUDGXE.wav,0,MED,8.69500887393337,0.3511565254777706
MED_20070520_QLDWZC.wav,1,MED,9.76309047172688,0.4914685016579999
MED_20070520_RFWSNO.wav,0,MED,9.4585141815906,0.3281433702266286
MED_20070612_RUGXTE.wav,0,MED,14.5610889688305,0.2305753367295616
MED_20070613_BYBUDU.wav,1,MED,9.82283953569527,0.30277185812190394
MED_20070613_CQKURD.wav,1,MED,9.41123327464099,0.41632649059768223
MED_20070613_CRERHW.wav,0,MED,15.7776816759664,0.4355961498310181
MED_20070613_DGVHCV.wav,1,MED,8.44373337009699,0.34606501521421085
MED_20070613_EHLIQI.wav,0,MED,8.40298447678469,0.3669424102499719
MED_20070613_EYPDEJ.wav,0,MED,9.05199482970039,0.37544343525279605
MED_20070613_FYRCHB.wav,1,MED,11.2946377309091,0.42196638454023894
MED_20070613_GHXLUS.wav,1,MED,26.6297003026012,0.9685750875215562
MED_20070613_IAJISQ.wav,1,MED,8.56745484116494,0.28325040608082663
MED_20070613_IHOOCO.wav,0,MED,8.83578266671579,0.26259071388011973
MED_20070613_JNKTCH.wav,1,MED,21.9861592460876,0.9568345791638381
MED_20070613_JSOOWW.wav,0,MED,10.8618691360997,0.6215290015835425
MED_20070613_MMBRIC.wav,1,MED,18.8610745687896,0.49999108823269944
MED_20070613_QXKNED.wav,1,MED,31.6120853839611,0.9998734157650628
MED_20070613_SPJSXF.wav,0,MED,8.12163146102415,0.4140437129764138
MED_20070613_TEFWBM.wav,0,MED,9.0717607095284,0.5517103461115452
MED_20070613_TRETDH.wav,0,MED,8.37009534971395,0.4839319675619016
MED_20070613_UMGKBI.wav,0,MED,9.01980320982089,0.4448443568047407
MED_20070613_URZNZP.wav,0,MED,9.17978820565673,0.3156248029686503
MED_20070613_VKNJVK.wav,1,MED,8.58360453001663,0.5322282258646276
MED_20070613_WAKTTO.wav,0,MED,8.35736089451839,0.5502903823604971
MED_20070613_ZEBBLD.wav,1,MED,28.592233317487,0.2619987489501328
MED_20070613_ZUCZIX.wav,1,MED,27.2685709493247,0.6081982557431707
MED_20070614_IJMIJN.wav,0,MED,12.1964535832771,0.35618721435820283
MED_20070614_RWYLSR.wav,0,MED,9.00623011400675,0.6307602527239656
MED_20070616_GAINQS.wav,0,MED,14.9114643340059,0.3710173037829042
MED_20070616_GFMVDR.wav,0,MED,15.0803146009735,0.3940721335662231
MED_20070616_GJHMLN.wav,0,MED,16.4679059490316,0.46328065922933004
MED_20070616_LWRJZF.wav,0,MED,12.9886264716241,0.33330018818748597
MED_20070616_VLPFKZ.wav,0,MED,14.7756013957168,0.4566296738186485
MED_20070618_JMRCHV.wav,0,MED,9.95663166744623,0.4555223783266819
MED_20070619_QDPUCO.wav,0,MED,8.34722156646449,0.44539203848176695
MED_20070701_HCJQXX.wav,0,MED,9.46607409613511,0.3252905086982805
MED_20070702_ABFCZE.wav,0,MED,10.8801720509135,0.3074021143068216
MED_20070702_EWUNRY.wav,0,MED,9.93795015872406,0.4819425604403016
MED_20070702_IWNGLM.wav,0,MED,9.86300138107759,0.23630223360410765
MED_20070702_NMTJPZ.wav,0,MED,10.1422531237105,0.29366735910563413
MED_20070703_AMGMCA.wav,1,MED,9.77582830084615,0.8172853595801005
MED_20070703_BDVTMW.wav,1,MED,13.9245792611484,0.6726511377317824
MED_20070703_BZGSCV.wav,1,MED,13.1578026311417,0.38883146374465954
MED_20070703_CYGYTY.wav,1,MED,8.3892257240726,0.6600968738410035
MED_20070703_DAVYQK.wav,1,MED,18.9574263794802,0.29341219258567275
MED_20070703_HAAMOP.wav,1,MED,10.8240028823125,0.954238978710521
MED_20070703_HFBYAP.wav,1,MED,15.395258384312,0.8287814922716146
MED_20070703_HPZSDC.wav,1,MED,9.48512601547532,0.33092995219260746
MED_20070703_IMMKEI.wav,1,MED,10.0714426419604,0.7552502201510919
MED_20070703_JSUZBQ.wav,1,MED,12.3664570292949,0.22149894533376205
MED_20070703_KYXYTO.wav,1,MED,11.926249604221,0.5389478502432388
MED_20070703_OAGCRJ.wav,1,MED,15.5239930072153,0.649098437761287
MED_20070703_OQAJWT.wav,1,MED,9.65513857048529,0.8929991386583711
MED_20070703_OUBVYN.wav,1,MED,18.4876326803182,0.3362861890519193
MED_20070703_QGQRTU.wav,1,MED,15.4966366123341,0.4354587723719069
MED_20070703_QREXPK.wav,0,MED,8.37528080345195,0.5966492566695916
MED_20070703_RZTCXF.wav,1,MED,9.3318282607395,0.7652446386710445
MED_20070703_TRCCVM.wav,1,MED,8.91546805262298,0.46500820840732804
MED_20070703_URQLLZ.wav,1,MED,10.3170029449729,0.5021127260151015
MED_20070703_UUKPZA.wav,1,MED,9.52353067021045,0.6348147110575751
MED_20070703_VFPGZP.wav,1,MED,10.9961612794181,0.9532280517751277
MED_20070703_VMLLXK.wav,1,MED,8.93300956042077,0.43598258092685216
MED_20070703_VRGFIZ.wav,1,MED,10.8134863587696,0.3013942556265772
MED_20070703_WOZMQW.wav,1,MED,12.7580734269049,0.174924565107078
MED_20070907_CCAQPP.wav,0,MED,8.18162222385987,0.2638572831340544
MED_20070907_LJVZWP.wav,0,MED,8.58491220486416,0.22402373562049713
MED_20070907_OVTXSR.wav,0,MED,8.21181119810751,0.47393768828660027
MED_20070907_SVXHNW.wav,0,MED,8.24530371391273,0.3471130521148438
MED_20070907_YQPEVQ.wav,0,MED,13.3092730370958,0.19606193503199926
MED_20070910_HOSFPZ.wav,0,MED,17.6109935748515,0.17330115646199845
MED_20070921_OELDVW.wav,0,MED,8.39850157769712,0.5033804082997172
MED_20070922_SWSUDZ.wav,0,MED,14.8506626487192,0.45910575678143184
MED_20070925_SGIBGT.wav,0,MED,18.2903202179787,0.2538363836987969
MED_20070927_OYDQVV.wav,0,MED,10.6804448794888,0.7304848841094318
