FileName,Label,Dataset,SNR_999,output
ICE_20210528_413MVX.wav,0,ICE,2.93253586593077,0.10835473236154636
ICE_20210528_ERUKN5.wav,1,ICE,16.893920327044,0.998518043769529
ICE_20210528_GSBS5N.wav,0,ICE,2.8037156640734,0.10344180058535724
ICE_20210528_TU7VQG.wav,0,ICE,4.37042641283028,0.7634735196780043
ICE_20210529_6W027C.wav,0,ICE,3.09659850002872,0.06198111653690953
ICE_20210529_BO6ZUE.wav,0,ICE,3.20803784118744,0.08702313734097432
ICE_20210529_IBW8LR.wav,0,ICE,3.05846521691282,0.049517859479810855
ICE_20210529_QATN2U.wav,0,ICE,3.14822329678357,0.09523722436989278
ICE_20210529_XE9UTT.wav,0,ICE,3.03941554335657,0.14283116514950817
ICE_20210530_1YS1TY.wav,1,ICE,9.02307568573336,0.9960174067062512
ICE_20210530_ELZE6C.wav,0,ICE,2.91061735281011,0.11607611491286839
ICE_20210530_FKTWV0.wav,0,ICE,3.1582861632953,0.11997482080315232
ICE_20210530_NCT3IT.wav,0,ICE,3.40569205465398,0.06967712486806758
ICE_20210530_VEPDMV.wav,0,ICE,3.23051789013634,0.14095758823630583
ICE_20210530_YL78KQ.wav,0,ICE,3.33529301417345,0.07094976511454078
ICE_20210531_87KINM.wav,0,ICE,3.28608971074889,0.049082830633246255
ICE_20210531_9AKSWP.wav,0,ICE,3.33330786085953,0.06052200284112745
ICE_20210531_QHR3QB.wav,0,ICE,3.30392549578864,0.15493094509305477
ICE_20210531_QIGKQF.wav,0,ICE,2.62366926392509,0.1403571223543998
ICE_20210531_X9Z6Z4.wav,0,ICE,3.30932107404587,0.1737601682100159
ICE_20210601_EVR2VM.wav,0,ICE,3.28171030138208,0.20511662885487825
ICE_20210601_PIWDGK.wav,0,ICE,3.03361450588362,0.10018520475424
ICE_20210601_QHXJR2.wav,0,ICE,3.11171187677022,0.06545989302469032
ICE_20210601_YV3OPO.wav,0,ICE,3.30725947943516,0.13095578065284183
ICE_20210602_BTV8ZW.wav,0,ICE,3.06675139155324,0.19089582162538796
ICE_20210602_DGTBNU.wav,0,ICE,2.39349877727886,0.13656881894056097
ICE_20210602_J6VAX4.wav,0,ICE,2.46503530478818,0.19003787616132348
ICE_20210602_QJF7Z7.wav,0,ICE,3.0534812803915,0.09483915392341262
ICE_20210603_AY72WA.wav,1,ICE,4.55147281987335,0.07071010259551264
ICE_20210603_BJA0M6.wav,1,ICE,11.7782026480429,0.7719007255350053
ICE_20210603_ECBGUU.wav,1,ICE,12.3763096594432,0.5747541006759764
ICE_20210603_H5P1H7.wav,1,ICE,5.14774695397239,0.5889068529491549
ICE_20210603_ZQGSHU.wav,1,ICE,17.888323915484,0.27887713336434683
ICE_20210604_4CJKKR.wav,0,ICE,2.27647496002062,0.17942653246350804
ICE_20210604_4P3UMF.wav,0,ICE,2.32754109685622,0.17099366354513637
ICE_20210604_CS15RX.wav,1,ICE,20.4701530031273,0.9973311318293975
ICE_20210604_ICM65U.wav,0,ICE,5.13295432220481,0.8899639548747158
ICE_20210604_X5YC8V.wav,0,ICE,3.08849723489071,0.2004769220411009
ICE_20210605_5JLBS6.wav,0,ICE,2.96712707259271,0.1589572421212455
ICE_20210605_5NHPX2.wav,0,ICE,2.3959141561845,0.11887649961629297
ICE_20210605_AUIY7R.wav,0,ICE,3.16197433012047,0.12941337534743758
ICE_20210605_G2C66Z.wav,1,ICE,14.2624944855284,0.9956281230646468
ICE_20210605_GGHT4S.wav,1,ICE,4.7903825310034,0.9673440122582864
ICE_20210605_X29J7H.wav,1,ICE,11.0653736245343,0.8971518061946049
ICE_20210605_YC2EEH.wav,1,ICE,2.98657651750978,0.4392617551018151
ICE_20210606_4JS84D.wav,1,ICE,8.34329743327081,0.9975549307195869
ICE_20210606_JJQOZP.wav,0,ICE,3.42146214285659,0.16339976989331226
ICE_20210606_ON581X.wav,0,ICE,3.03534788040652,0.13977909190511506
ICE_20210606_QDO6RZ.wav,1,ICE,10.9134880966414,0.9784631233718597
ICE_20210606_QRJYH6.wav,1,ICE,10.6067939816873,0.9999457627138926
ICE_20210607_IAL8XF.wav,0,ICE,3.28822161865224,0.17106785713328762
ICE_20210607_XPGP58.wav,0,ICE,3.44754191501351,0.17994764686693168
ICE_20210608_43RDP2.wav,0,ICE,3.22273395001054,0.131449521736585
ICE_20210608_A7NDA4.wav,0,ICE,4.77086109815678,0.8990316405960419
ICE_20210608_HWNO1Y.wav,0,ICE,3.40980107999475,0.18350751501156506
ICE_20210608_N4O31Y.wav,0,ICE,3.31303905990697,0.1554376434682898
ICE_20210608_PV97W0.wav,1,ICE,9.31223532888043,0.9816963411547763
ICE_20210608_XPEHKH.wav,1,ICE,15.4110550310187,0.9640000587645068
ICE_20210608_ZP769J.wav,0,ICE,3.3080168627441,0.2396971996306183
ICE_20210609_3E7ZUH.wav,1,ICE,15.1246797454564,0.9571879991011659
ICE_20210609_E913H4.wav,0,ICE,7.16184937261509,0.9306221968580551
ICE_20210609_LMY5YK.wav,1,ICE,19.4888148489371,0.7314184397486363
ICE_20210609_OI5ZOW.wav,1,ICE,4.48148918321573,0.3072626011005735
ICE_20210610_AZ4AWM.wav,0,ICE,3.050462759807,0.1489804661051636
ICE_20210610_CHX2VM.wav,0,ICE,3.01223499708318,0.1653825854082733
ICE_20210610_O0PTYX.wav,0,ICE,3.25751414960848,0.21417019571780405
ICE_20210610_RTXAAQ.wav,0,ICE,3.17182788495425,0.16008897445682446
ICE_20210610_Z8SY7D.wav,0,ICE,3.28655140253323,0.296288827664977
ICE_20210611_FXONZP.wav,0,ICE,3.49326736898142,0.2620529120232489
ICE_20210611_LR7UDS.wav,0,ICE,6.68425215241276,0.9999839070045525
ICE_20210611_N6TGB7.wav,0,ICE,3.17432932938707,0.2537381798601651
ICE_20210612_437MQF.wav,0,ICE,3.48154017705161,0.24225646394786002
ICE_20210612_G1A77K.wav,0,ICE,3.55074832304527,0.1676208730043054
ICE_20210612_KP4ZAR.wav,0,ICE,3.58242401392664,0.11987589099075137
ICE_20210612_RASKTU.wav,0,ICE,3.541404491361,0.21107950504723147
ICE_20210613_67B8IB.wav,1,ICE,7.81116057807986,0.960431445175682
ICE_20210613_AZOL85.wav,0,ICE,3.58274420584806,0.17491215823037695
ICE_20210613_CMSIYN.wav,0,ICE,3.43563943296037,0.18875017186678705
ICE_20210613_HELV7O.wav,1,ICE,7.96782379491301,0.996267592755886
ICE_20210613_R5JK84.wav,0,ICE,3.34770724851455,0.20378764473013433
ICE_20210613_SUWL0H.wav,1,ICE,14.8424656718562,0.9999848606494245
ICE_20210613_XUB6MA.wav,0,ICE,3.2951514255885,0.15790986226134449
ICE_20210613_YFOSIT.wav,1,ICE,16.0400906688291,0.9817013971138766
ICE_20210614_2ZW9V2.wav,1,ICE,9.54479929130222,0.9999597088831099
ICE_20210614_LGHTZ7.wav,0,ICE,3.58817526750531,0.1581471326823424
ICE_20210614_OFN2SR.wav,1,ICE,11.4148520690118,0.9744519954219543
ICE_20210614_ZRCM1V.wav,0,ICE,3.48833204475054,0.21852932957289803
ICE_20210615_GQEQO9.wav,1,ICE,18.7989122623625,0.6374441246659085
ICE_20210615_HZKWDP.wav,0,ICE,3.46852246110218,0.1815896276518768
ICE_20210615_ME7ZZL.wav,1,ICE,11.0563622710464,0.9356763558746195
ICE_20210615_MOK18P.wav,0,ICE,3.29470216497974,0.23365435351909417
ICE_20210615_WTWIQC.wav,0,ICE,3.48974198444035,0.14906925631139153
ICE_20210616_7Q8BXL.wav,0,ICE,3.55642457555651,0.13567744898352088
ICE_20210616_BICJRA.wav,0,ICE,3.35712017265051,0.15195932405735973
ICE_20210616_F9ETN2.wav,0,ICE,3.40035674902025,0.18776353554144223
ICE_20210616_FTQHYA.wav,0,ICE,3.51785609305256,0.1366113984878941
ICE_20210617_2YZ0XF.wav,1,ICE,9.55678351154234,0.9997074268137719
ICE_20210617_8O7ZQH.wav,0,ICE,3.47450711157735,0.18253890419726984
ICE_20210617_FS1L71.wav,1,ICE,7.24912923275704,0.9962755203079182
ICE_20210617_QD5SU3.wav,0,ICE,3.47362136785499,0.2543591120571469
ICE_20210617_XBG91B.wav,1,ICE,11.3389697057751,0.8625075686235566
ICE_20210618_2RC6CB.wav,1,ICE,11.6608346118676,0.7752887558675492
ICE_20210618_7W17MW.wav,1,ICE,3.82288409048626,0.9196414619646087
ICE_20210618_8M2UHE.wav,0,ICE,3.39466282061476,0.15195517578744058
ICE_20210618_9C5Q7N.wav,1,ICE,21.2131083377508,0.9988583262783913
ICE_20210618_ATLCBQ.wav,0,ICE,2.85066749092549,0.11371332965206081
ICE_20210618_CH0LB8.wav,1,ICE,11.5722419391419,0.9999997615814777
ICE_20210618_Q3XLAF.wav,1,ICE,3.775412017228,0.9119689734613509
ICE_20210618_RHOBPN.wav,0,ICE,3.53332810371789,0.18641018165397688
ICE_20210618_S5QPSE.wav,0,ICE,6.08811038808253,0.25553281582203813
ICE_20210619_CFRIDJ.wav,0,ICE,3.24223970224646,0.15443116352635455
ICE_20210619_D2OQDC.wav,0,ICE,8.24052932680642,0.32773003891845043
ICE_20210619_EODTZK.wav,0,ICE,12.2401248038353,0.004131793467591264
ICE_20210619_N753LJ.wav,0,ICE,4.58353664076821,0.9697637823972843
ICE_20210619_QP07TD.wav,0,ICE,3.25130821265834,0.16492942400469124
ICE_20210619_S9F7O5.wav,0,ICE,2.26952192384807,0.5645407481763377
ICE_20210620_3IJX0A.wav,0,ICE,5.73167694967573,0.4082131499731117
ICE_20210620_72830Q.wav,1,ICE,22.3832359318802,0.9045146342527651
ICE_20210620_9NF5Q5.wav,1,ICE,18.4738109767777,0.9197942300818883
ICE_20210620_GNRT1O.wav,1,ICE,8.60032697883685,0.9999740130508765
ICE_20210620_R34UJU.wav,0,ICE,3.77410844388247,0.3163364986268906
ICE_20210620_WRX1AA.wav,1,ICE,6.27374008776069,0.9549313704721747
ICE_20210621_GCELK3.wav,0,ICE,3.2766526166516,0.2558879433286806
ICE_20210621_ROHPJR.wav,0,ICE,2.97093630856093,0.18693250274532167
ICE_20210621_Y5F31W.wav,0,ICE,3.78162611079179,0.19145351033053978
ICE_20210622_1M9YNC.wav,0,ICE,3.55437889551285,0.16686116706136198
ICE_20210622_8FFTOA.wav,0,ICE,3.48822475065643,0.13227963343288152
ICE_20210622_9LUA27.wav,0,ICE,3.30525030553765,0.2074697689202228
ICE_20210622_G8U2HS.wav,0,ICE,3.70950605037444,0.21891297632565687
ICE_20210622_K21I7N.wav,0,ICE,3.49871173407993,0.18443431889937917
ICE_20210622_V7S7LU.wav,0,ICE,14.2171772976135,0.11941713719457488
ICE_20210623_5TJRMW.wav,0,ICE,4.83200993732661,0.8230963593840506
ICE_20210623_62C50Q.wav,0,ICE,12.7395803375144,0.24336988290402614
ICE_20210623_9XOUTY.wav,0,ICE,3.59129809224685,0.23520659660084361
ICE_20210623_PBE2WH.wav,0,ICE,3.47636043529363,0.16812407331799417
ICE_20210623_R2MKUA.wav,0,ICE,3.50961890432099,0.2996788754714149
ICE_20210624_46Z51H.wav,0,ICE,2.49501496604155,0.20511420814021009
ICE_20210624_AV8G12.wav,0,ICE,3.29242676110832,0.20616920762637136
ICE_20210624_U5PMXD.wav,0,ICE,3.41686711150822,0.16418354096652604
ICE_20210624_Y4VZL6.wav,0,ICE,3.39147634046885,0.21367475190120722
ICE_20210624_ZXMYVP.wav,0,ICE,3.40037339432112,0.25548426418968817
ICE_20210625_DCUH0K.wav,0,ICE,3.45634745312319,0.13201350067887932
ICE_20210626_0YSKZ1.wav,1,ICE,5.12148742106869,0.29968401984441
ICE_20210626_2YRY5V.wav,1,ICE,16.6559347647657,0.9964041539796629
ICE_20210626_5DF15T.wav,0,ICE,3.52280587933875,0.22263145154501127
ICE_20210626_BXVGTK.wav,1,ICE,26.9126300979697,0.9808413061658874
ICE_20210626_MGRAJS.wav,1,ICE,6.81030706291634,0.7641774437885342
ICE_20210626_TGOR4H.wav,1,ICE,8.37219970351704,0.7758688722637345
ICE_20210626_UU34LO.wav,0,ICE,3.49874644775933,0.11880379534666294
ICE_20210626_Y6BIHH.wav,1,ICE,16.9240267538181,0.9689321942563228
ICE_20210627_4G6XRZ.wav,0,ICE,1.32388181304104,0.23237475843483368
ICE_20210627_A46BJM.wav,1,ICE,12.0057597304428,0.7810243079178287
ICE_20210627_HB5M5W.wav,0,ICE,5.48824774947869,0.4611127991898209
ICE_20210627_QMAHZB.wav,0,ICE,1.44019795695365,0.24785676606239482
ICE_20210627_U5KN46.wav,1,ICE,5.92837892602186,0.8236506091531102
ICE_20210627_UW8JON.wav,0,ICE,1.40279108088197,0.00048191284115208085
ICE_20210628_00GEX8.wav,0,ICE,3.18499374279629,0.7845349022871526
ICE_20210628_7J01C6.wav,0,ICE,3.99813458248918,0.22442628485717822
ICE_20210628_9L5IAE.wav,0,ICE,6.56004128100967,0.8897492042247248
ICE_20210628_CP0CUJ.wav,0,ICE,2.1411950120867,0.11502363115657863
ICE_20210628_R7MQJ1.wav,0,ICE,4.90812598206872,0.26820294981682924
ICE_20210629_XKPMXQ.wav,0,ICE,3.49105947221815,0.28017152011713187
ICE_20210629_XPCD0T.wav,1,ICE,13.4709230265171,0.9998339690249877
ICE_20210630_161W7N.wav,0,ICE,5.95642074764672,0.8985820956313212
ICE_20210630_3EFXFU.wav,0,ICE,3.42297841341594,0.15605678021107802
ICE_20210630_CE8QRT.wav,1,ICE,8.17848198281276,0.9997132646894823
ICE_20210630_DSIIAX.wav,1,ICE,8.93447649638371,0.9993172779605021
ICE_20210630_EPMNR7.wav,0,ICE,3.58041059802602,0.3004964365075196
ICE_20210630_Q4CBQ3.wav,0,ICE,3.43894815767484,0.18732636500050712
ICE_20210630_VA7Z07.wav,1,ICE,6.01449990232413,0.9913672919763683
ICE_20210701_A98RBO.wav,1,ICE,10.3554951889368,0.9958807146135997
ICE_20210701_ABDKBL.wav,1,ICE,11.863375867181,0.3366886771048775
ICE_20210701_MQQ4DM.wav,0,ICE,4.01647419145114,0.9407157658563068
ICE_20210701_Y1JFUJ.wav,0,ICE,3.35224055913548,0.21985320966192004
ICE_20210702_7HIZ8W.wav,1,ICE,17.13077787476,0.5087301417566524
ICE_20210702_89W49K.wav,0,ICE,1.61109792110366,0.1981036716154071
ICE_20210702_C64MBR.wav,1,ICE,26.612646833621,0.849443167028729
ICE_20210702_GL8KQ4.wav,1,ICE,13.5540942573872,0.9818823755386553
ICE_20210702_GQJP8P.wav,1,ICE,15.1235418636372,0.9328366282655427
ICE_20210702_K3FXR1.wav,0,ICE,30.0370923569442,0.3192294655397826
ICE_20210702_RWA40H.wav,0,ICE,7.04425427013383,0.08661802542839538
ICE_20210703_86YP6Q.wav,0,ICE,15.0558942939431,0.3625723872855306
ICE_20210703_9QX9ZO.wav,1,ICE,24.5883027857266,0.9809320298524632
ICE_20210703_AP46Y4.wav,1,ICE,13.9806571501037,0.23617291501940912
ICE_20210703_RCQZIE.wav,1,ICE,12.9724814741762,0.729253363028548
ICE_20210703_TRQULE.wav,0,ICE,3.64270027666643,0.2172391096581375
ICE_20210703_UL7MIO.wav,0,ICE,3.89551015753748,0.41971812233612665
ICE_20210703_X7G17O.wav,0,ICE,8.48544880460253,0.10651354508136562
ICE_20210703_Z6LXAK.wav,1,ICE,19.0245433937152,0.7315033259620177
ICE_20210704_4W4SSW.wav,0,ICE,3.00060648495042,0.7016219933204846
ICE_20210704_675HVT.wav,1,ICE,4.75951570593658,0.742939172580564
ICE_20210704_C89658.wav,1,ICE,9.72981280666311,1.0
ICE_20210704_OD5AYQ.wav,0,ICE,8.99397719026699,0.3754111001859102
ICE_20210704_PGZGF0.wav,0,ICE,8.50587569152389,0.9698341919204303
ICE_20210704_SJNPQR.wav,0,ICE,2.2792944529054,0.1566605283989714
ICE_20210704_V4GQAM.wav,1,ICE,5.16115896834981,0.9990657958800975
ICE_20210704_Z0UOJ0.wav,0,ICE,2.61055317041577,0.12168594213666385
ICE_20210705_09UGNZ.wav,1,ICE,11.7272830817253,0.9998375441343129
ICE_20210705_3K969V.wav,0,ICE,2.11148247841697,0.16353592475753198
ICE_20210705_5R5Z1J.wav,0,ICE,5.63750383016623,0.9240831713677352
ICE_20210705_69634D.wav,1,ICE,13.1815333762834,0.9996696610220903
ICE_20210705_MAXSYS.wav,0,ICE,2.37970087888125,0.07592857675457929
ICE_20210705_NO0SH3.wav,0,ICE,1.39664649228537,0.032511302265113444
ICE_20210705_T1D24S.wav,0,ICE,1.47532142966339,0.0531344593466215
ICE_20210705_VFTC1B.wav,0,ICE,4.15552502703403,0.528978557428613
ICE_20210706_4S7J6U.wav,0,ICE,4.29624228412362,0.18205485745937386
ICE_20210706_562HXN.wav,0,ICE,12.4346736518857,0.06485211396242521
ICE_20210706_5MV3LE.wav,0,ICE,5.89770643761262,0.14397575645051028
ICE_20210706_BMURP7.wav,0,ICE,3.0854153037648,0.06685800604539859
ICE_20210706_DRLH2G.wav,0,ICE,1.87378145315536,0.062585889173903
ICE_20210706_MJM94V.wav,0,ICE,33.1520848186248,0.7694971075912461
ICE_20210707_8MN2N9.wav,0,ICE,10.7760412785755,0.030337321646827595
ICE_20210707_DFMXJM.wav,0,ICE,2.44487703609,0.09558143700350254
ICE_20210707_EZB9K5.wav,0,ICE,2.9800630105972,0.24845661179739362
ICE_20210707_GKOU3Q.wav,0,ICE,9.59771030812495,0.2560279960110175
ICE_20210707_UXTMYM.wav,0,ICE,12.691324141136,0.1540999617684381
ICE_20210707_YWST3F.wav,0,ICE,5.66697258484933,0.9814378033337714
ICE_20210708_ESHZ6F.wav,1,ICE,5.59299000859167,0.8607156666581721
ICE_20210709_CPTP0Q.wav,0,ICE,3.13329405015335,0.18938291680033334
ICE_20210709_RGLYF3.wav,0,ICE,3.86470612511625,0.23813150118654117
ICE_20210710_EIW5H9.wav,0,ICE,3.09934113648039,0.3201826824135085
ICE_20210710_OGKYPJ.wav,0,ICE,1.72486426088086,0.16582898554447906
ICE_20210710_P7SD4T.wav,0,ICE,28.1998342212189,0.6406203267873957
ICE_20210710_U1OT2A.wav,0,ICE,1.55878762209741,0.12179951980574517
ICE_20210710_VKEGNP.wav,0,ICE,1.50545572546201,0.047770703002333624
ICE_20210711_EPXQT5.wav,1,ICE,15.6806741988983,0.577749245117829
ICE_20210711_UA2KN8.wav,1,ICE,23.2105866897977,0.31417164131839037
ICE_20210712_AJDQJ5.wav,0,ICE,2.85338229014093,0.14801914982835682
ICE_20210712_B15WHA.wav,0,ICE,3.31277781721017,0.28083296624756077
ICE_20210712_I4D2H4.wav,0,ICE,3.15413686236171,0.24113666907194062
ICE_20210712_X0S3F1.wav,0,ICE,3.17673891189243,0.17460655992550178
ICE_20210713_8ETR73.wav,1,ICE,10.8529701784472,0.9999991655356624
ICE_20210713_FA5NFH.wav,1,ICE,9.58814412506676,0.9997481742077935
ICE_20210713_M6CH1U.wav,1,ICE,9.3749489052765,0.9999762779146959
ICE_20210713_NNLJOO.wav,1,ICE,8.81547964559504,0.9053300422225953
ICE_20210713_OKX0H9.wav,1,ICE,10.2144415057887,0.6662557874880924
ICE_20210713_TOGD9Z.wav,1,ICE,15.0261010543618,0.8877125982918613
ICE_20210713_Y4KGQD.wav,1,ICE,14.1144421047874,0.9997515103891096
ICE_20210713_ZEOVVF.wav,0,ICE,3.26149051407068,0.14339678874467526
ICE_20210714_10K2PP.wav,0,ICE,3.42564310333413,0.23523573072997872
ICE_20210714_3AVLKV.wav,0,ICE,3.36287086220915,0.15847490396263422
ICE_20210714_5L20HK.wav,0,ICE,2.06723105006094,0.610500508553631
ICE_20210714_72HPUA.wav,0,ICE,4.12460613173917,0.0968514570184919
ICE_20210714_FWJ7HI.wav,0,ICE,2.8974387619988,0.22809830352196125
ICE_20210714_I9GTYL.wav,0,ICE,2.95132658832931,0.24368196129704578
ICE_20210715_4Q0SET.wav,0,ICE,3.31344687986199,0.18349664306078917
ICE_20210715_KEGKHK.wav,0,ICE,3.45340944168688,0.17242742029230018
ICE_20210715_L2GXY7.wav,0,ICE,3.25724554211609,0.17341287559301638
ICE_20210715_MKF9UT.wav,0,ICE,3.11444398689187,0.19593055604189882
ICE_20210715_Z7UJSZ.wav,0,ICE,3.52604633243184,0.21645321647614996
ICE_20210716_7OZAW8.wav,0,ICE,3.35877719079889,0.1025372633865126
ICE_20210716_DFDZLB.wav,0,ICE,3.56921219351229,0.16980777503529346
ICE_20210716_IRIAAP.wav,0,ICE,3.49342029364713,0.1816832324871263
ICE_20210716_UKTNKQ.wav,0,ICE,3.5275128849437,0.29243285281688536
ICE_20210716_YK37V7.wav,1,ICE,10.4822760887922,0.8455020503991071
ICE_20210717_3MUF5L.wav,0,ICE,3.0632196799876,0.15317089293981198
ICE_20210717_8QKAK3.wav,1,ICE,13.1601212956627,0.9999998807907247
ICE_20210717_9URNLM.wav,0,ICE,3.40202542587876,0.25213209720372337
ICE_20210718_GILN91.wav,0,ICE,3.46016630336722,0.20304138567450786
ICE_20210718_JDZA15.wav,0,ICE,3.36349764645111,0.12946765988836564
ICE_20210718_LIKNB3.wav,1,ICE,7.84602054890777,0.777119012534189
ICE_20210718_OHMENN.wav,0,ICE,4.12301997631768,0.7822437169713851
ICE_20210718_Y8A11Z.wav,0,ICE,3.27567065134398,0.20652967791719978
ICE_20210719_AN7W8Q.wav,0,ICE,9.88976188561918,0.18754077630066884
ICE_20210719_JWEKEJ.wav,0,ICE,2.94502372904319,0.09593800954331591
ICE_20210719_KFVHD6.wav,0,ICE,3.50358031626688,0.12356880349004172
ICE_20210719_MJ950J.wav,0,ICE,3.39756556292265,0.21370371554551765
ICE_20210720_ZTQUJO.wav,0,ICE,6.74230089050587,0.317537884691546
ICE_20210721_47BZIO.wav,0,ICE,4.02420204536197,0.17780481041568133
ICE_20210721_7MTY2T.wav,0,ICE,7.04414915842876,0.20416621957176037
ICE_20210721_BJYMSZ.wav,1,ICE,4.45854711852572,0.2137062121559752
ICE_20210721_K43QNQ.wav,0,ICE,1.49701049570095,0.21424207775940865
ICE_20210721_QI0P0O.wav,0,ICE,2.59211117849785,0.19307589733072453
ICE_20210721_VIWPQO.wav,0,ICE,1.56920780998129,0.25559728130187576
ICE_20210722_8WA1JC.wav,0,ICE,3.43390163169286,0.1313997005673924
ICE_20210722_DPX3F2.wav,1,ICE,7.39670303768803,0.9928515841878662
ICE_20210722_EJFBNC.wav,0,ICE,3.44974856544843,0.1916048868784302
ICE_20210723_2YHGHJ.wav,1,ICE,6.99658619299879,0.8727514821649778
ICE_20210723_JTIUW2.wav,0,ICE,3.50110329097691,0.17304981426503446
ICE_20210723_X1RBLW.wav,0,ICE,3.60913150896765,0.2700560091316043
ICE_20210724_9LBM8K.wav,0,ICE,3.16385946926373,0.20970566166490776
ICE_20210724_NFYW6D.wav,0,ICE,3.28322130401848,0.18137350113672368
ICE_20210725_74R9CX.wav,0,ICE,6.09663757996876,0.28494575572979997
ICE_20210725_HN0PG8.wav,0,ICE,3.23106467442386,0.24944221610593417
ICE_20210726_0RL8IY.wav,0,ICE,3.82973033200433,0.18916306199232336
ICE_20210726_191K3H.wav,0,ICE,1.98108364571817,0.36088074698406114
ICE_20210726_3SZBGH.wav,1,ICE,25.6950694159284,0.23736321522327766
ICE_20210726_ALUV78.wav,0,ICE,2.70239466976616,0.28449392990218175
ICE_20210726_LASZ3S.wav,0,ICE,2.58869102702909,0.17600322668609222
ICE_20210726_RFDUD8.wav,1,ICE,20.3844747147425,0.8012991025964481
ICE_20210726_ZF0EMC.wav,0,ICE,1.91171885738115,0.10569354507771594
ICE_20210727_AHF1LI.wav,0,ICE,3.19467160746368,0.3521211980492556
ICE_20210727_IZRMDV.wav,0,ICE,3.17705244633188,0.14153595338958952
ICE_20210727_JRVURC.wav,0,ICE,3.15103667923417,0.227102124404374
ICE_20210727_RETURM.wav,0,ICE,3.42710778490619,0.30635018589919355
ICE_20210727_WHQF97.wav,0,ICE,3.30039109191514,0.21847965648453688
ICE_20210728_0NIVT8.wav,0,ICE,2.87999230506528,0.20928615093582273
ICE_20210728_925Y2T.wav,0,ICE,2.99129617408226,0.11842425264832947
ICE_20210728_DGYZBR.wav,0,ICE,2.91793649189583,0.1571016447022371
ICE_20210728_RP18B7.wav,1,ICE,12.1085320610127,0.9566981759861305
ICE_20210729_N7UCOD.wav,0,ICE,3.44150998022004,0.23540934846625974
ICE_20210729_SC6M69.wav,0,ICE,3.3767817045113,0.14645618530523577
ICE_20210729_TYLR17.wav,0,ICE,7.50512650312366,0.2542883201124972
ICE_20210729_WSUVFP.wav,0,ICE,3.40165768366479,0.17121203432274845
ICE_20210729_XMXSPT.wav,0,ICE,3.96904763100513,0.1353635677317292
ICE_20210730_D0SVQ1.wav,0,ICE,4.27269992958348,0.3038230529560372
ICE_20210730_TOOPTI.wav,1,ICE,10.1637169840718,1.0
ICE_20210731_04Y23J.wav,1,ICE,7.36354581526031,0.992065939572119
ICE_20210731_3LVRQV.wav,0,ICE,2.75801127336714,0.13467084341281182
ICE_20210731_6OA483.wav,0,ICE,2.59664897248155,0.1459896241133262
ICE_20210731_FP1557.wav,0,ICE,2.3891724788862,0.20087542231404562
ICE_20210731_KOA63E.wav,1,ICE,5.20610150606132,0.9289958837153451
ICE_20210801_5ILZNU.wav,0,ICE,13.108903848798,0.7958295025345985
ICE_20210801_98JXGY.wav,1,ICE,16.2890852558702,0.9212527650349313
ICE_20210801_UUE40T.wav,1,ICE,12.8036997513062,0.9469539876049334
ICE_20210801_XI901N.wav,0,ICE,1.38681474112035,0.3371437701488563
ICE_20210801_ZP0YQ4.wav,0,ICE,2.53102395179532,0.1972510684376987
ICE_20210802_50YPU1.wav,0,ICE,33.2244690514624,0.7960719329912562
ICE_20210802_IC0RXK.wav,0,ICE,2.10344965344433,0.25980854920871205
ICE_20210802_Z5VA3I.wav,0,ICE,2.8249179966474,0.12209867161175057
ICE_20210803_EJGEHD.wav,0,ICE,2.96770385101681,0.24506784272755083
ICE_20210803_G3W3Y3.wav,0,ICE,2.46798897150113,0.306162020722467
ICE_20210804_1HN853.wav,0,ICE,2.84653810448902,0.4647868051060426
ICE_20210804_6VOIRB.wav,0,ICE,6.98915175687751,0.4743776710720388
ICE_20210804_DZ41ZK.wav,0,ICE,2.45344195932931,0.3378210594614978
ICE_20210804_XM56CN.wav,0,ICE,3.01469859421331,0.2574756823335713
ICE_20210805_DVQLDL.wav,0,ICE,16.5618976921686,0.5004173460373081
ICE_20210805_GURIZ6.wav,0,ICE,2.66056983700486,0.04291461302860631
ICE_20210805_JMZEN1.wav,0,ICE,7.49982909817163,0.30354961751417725
ICE_20210805_L45GXX.wav,0,ICE,5.37033679770592,0.29500064092567846
ICE_20210805_MF9Z2R.wav,0,ICE,10.6151177519298,0.39663374395829565
ICE_20210806_FDYNLM.wav,0,ICE,3.23095006790815,0.138837322027549
ICE_20210806_MECH9P.wav,0,ICE,10.1594962372035,0.520811371609058
ICE_20210806_SIJ8N3.wav,0,ICE,1.51068373288689,0.47259525679732006
ICE_20210807_665YQP.wav,1,ICE,11.8530673476901,0.8797727851716035
ICE_20210807_G393QN.wav,1,ICE,4.08503064083416,0.5222106696821612
ICE_20210808_CCURTP.wav,1,ICE,9.43624024889211,0.9999873639751784
ICE_20210809_11VGXY.wav,0,ICE,4.80090491826504,0.20019117779117684
ICE_20210809_BHQW25.wav,0,ICE,3.06221032905872,0.1810691328154615
ICE_20210809_FFBEWW.wav,0,ICE,3.06207533591678,0.1916366386135938
ICE_20210809_T2TJ1N.wav,0,ICE,3.20165106208996,0.19977595841814108
ICE_20210810_HMI3GN.wav,0,ICE,3.1071772868016,0.27681543962517907
ICE_20210810_JNK9ZM.wav,0,ICE,3.15797677543676,0.146830511094445
ICE_20210810_KD8SPT.wav,0,ICE,2.91842489593812,0.20199904456312034
ICE_20210810_TBPD2H.wav,0,ICE,14.7226432003911,0.7686992307305269
ICE_20210810_TJG86A.wav,0,ICE,3.19747850548707,0.26728764605828326
ICE_20210811_ANGOCY.wav,0,ICE,1.84929999930554,0.11593492149976926
ICE_20210811_IML9U0.wav,1,ICE,21.6878067005754,0.9880830829821876
ICE_20210811_Y3VEF9.wav,0,ICE,2.30956271146307,0.21522168726791252
ICE_20210811_ZXRL47.wav,1,ICE,17.8892213384054,0.7878721540272692
ICE_20210812_61AC5O.wav,0,ICE,3.51958260716718,0.16164770722598187
ICE_20210812_AU99I0.wav,0,ICE,3.15629711203543,0.21082383147794764
ICE_20210812_HLBVS2.wav,1,ICE,21.4400844125704,0.7746572190203167
ICE_20210812_RT23LD.wav,1,ICE,13.0068294624089,0.27948084555298375
ICE_20210813_1VPA2M.wav,0,ICE,2.97888484734319,0.11022879752247365
ICE_20210813_3OXDBV.wav,0,ICE,3.04208890776508,0.14747964354301446
ICE_20210813_978UQZ.wav,0,ICE,3.26837081693537,0.16349218382511008
ICE_20210813_TLG6RZ.wav,0,ICE,3.46708982562868,0.013843622917082986
ICE_20210813_W56YLR.wav,0,ICE,3.94938461587262,0.09854637012949043
ICE_20210814_6DNDQX.wav,0,ICE,3.18615285002805,0.25908173531351575
ICE_20210814_ZCEW4V.wav,0,ICE,6.34621950661916,0.9543680628535142
ICE_20210815_80I4FL.wav,1,ICE,6.22130820307039,0.066731385641248
ICE_20210815_94VGF1.wav,0,ICE,2.66923985190893,0.13578566391041133
ICE_20210815_IROUH0.wav,0,ICE,2.3553011597367,0.12353301343935992
ICE_20210816_6YCXCF.wav,1,ICE,16.2768047475372,0.6037541582062863
ICE_20210816_SHVARA.wav,1,ICE,18.2634425759235,0.9973505783825728
ICE_20210816_UI36BX.wav,1,ICE,18.4127860554493,0.9959958835228666
ICE_20210816_XHXF4I.wav,0,ICE,3.485997322566,0.15022851717764935
ICE_20210816_XYBU5W.wav,1,ICE,9.08863019350805,0.9695055519334543
ICE_20220217_4UFGMJ.wav,0,ICE,6.4269158507482,0.46061746556194055
ICE_20220217_EA8PXU.wav,0,ICE,6.05097739305185,0.7220403209731778
ICE_20220218_12HVK7.wav,0,ICE,7.09582568691094,0.5046497570421913
ICE_20220218_4RQ33O.wav,0,ICE,11.2322431004047,0.654017327636009
ICE_20220218_623D7L.wav,1,ICE,3.98046580572365,0.9832466345436135
ICE_20220218_8FOPOB.wav,0,ICE,16.4316735306981,0.53833152242518
ICE_20220218_9ACANJ.wav,1,ICE,5.13770919659528,0.9916537134910035
ICE_20220218_BC5H2E.wav,1,ICE,3.47172230728198,0.09442473551628644
ICE_20220218_H7MB6V.wav,0,ICE,13.26677543158,0.12756423994126898
ICE_20220218_K11JJ0.wav,1,ICE,5.63259841955454,0.9927296228054808
ICE_20220218_LQDQT6.wav,1,ICE,3.39096566543658,0.8848172349088594
ICE_20220218_M39F8U.wav,1,ICE,4.83693499966291,0.12812266779824447
ICE_20220218_PCGQZB.wav,1,ICE,3.79832919198767,0.7392734302080668
ICE_20220218_YPLF9V.wav,1,ICE,3.88749790320095,0.8689484916245961
ICE_20220219_14UW90.wav,1,ICE,12.407595724782,0.3137312130865065
ICE_20220219_2O9E4R.wav,1,ICE,8.87601962005919,0.21136572262756287
ICE_20220219_4TZMYV.wav,1,ICE,4.13366405016377,0.15764052791588398
ICE_20220219_5OGX06.wav,1,ICE,31.0460975219593,0.9084344303101056
ICE_20220219_7NJWA9.wav,1,ICE,3.27254851626266,0.0915702281548149
ICE_20220219_CXHX26.wav,1,ICE,5.26447125567464,0.08843172680752595
ICE_20220219_FLU5DM.wav,1,ICE,10.8014367254864,0.782993287108249
ICE_20220219_G1ETXJ.wav,1,ICE,7.1506837016451,0.5501761850892065
ICE_20220219_J7U2PL.wav,1,ICE,34.7302197252726,0.48027726704382634
ICE_20220219_JA2JK9.wav,0,ICE,3.10742385444804,0.07813897254442824
ICE_20220219_JPJ74T.wav,0,ICE,3.19709622340741,0.0515290992552405
ICE_20220219_K2VN7M.wav,1,ICE,25.4977406412283,0.6241228411725878
ICE_20220219_PNR73A.wav,0,ICE,3.2916272433284,0.08702531590118234
ICE_20220219_UM5CFU.wav,1,ICE,7.31934655250183,0.15387081775959743
ICE_20220219_V7ECIC.wav,1,ICE,8.57344863142351,0.7216430270568576
ICE_20220219_V868MI.wav,0,ICE,3.32287961483776,0.11929269723845633
ICE_20220219_YH5L37.wav,0,ICE,3.21962590291399,0.1586524907304096
ICE_20220219_YLHV3D.wav,1,ICE,33.8876288961102,0.628735699159785
ICE_20220219_ZTAHHR.wav,1,ICE,9.94557369623089,0.3844066165070484
ICE_20220220_1V9SHR.wav,0,ICE,3.36384351179366,0.08710031235542
ICE_20220220_3FJ700.wav,1,ICE,3.33832037132984,0.07096412803325997
ICE_20220220_3N3T03.wav,0,ICE,10.5415066844238,0.6053790464369322
ICE_20220220_4305K1.wav,1,ICE,7.92140997311058,0.16627100097301908
ICE_20220220_4YK5L8.wav,1,ICE,12.1769041332997,0.07309851357594727
ICE_20220220_5V24X2.wav,1,ICE,3.30639459772249,0.09576505970057406
ICE_20220220_6HHW53.wav,1,ICE,3.39673226991404,0.17180003518391374
ICE_20220220_7E02W0.wav,0,ICE,3.31473644387845,0.08793103968515692
ICE_20220220_9O5CCB.wav,0,ICE,9.21574937407861,0.06850783822297146
ICE_20220220_CNAFXJ.wav,0,ICE,3.27336735658488,0.0823342751094819
ICE_20220220_D2Q4EK.wav,0,ICE,7.11440857468297,0.7874996078700989
ICE_20220220_E6FMS5.wav,0,ICE,3.28753943064924,0.0989911970108967
ICE_20220220_J8Z4DO.wav,1,ICE,10.7406079358048,0.35161080291061914
ICE_20220220_KOC27X.wav,0,ICE,3.33823041637861,0.08415396905798436
ICE_20220220_LDF4RG.wav,0,ICE,3.41604171635809,0.10175639011114407
ICE_20220220_LH72FV.wav,1,ICE,11.8630549815224,0.4220675546177725
ICE_20220220_M1L2UL.wav,0,ICE,3.29998321725111,0.08996717356419809
ICE_20220220_N4R1IZ.wav,0,ICE,3.83799823616921,0.08679744403067227
ICE_20220220_NOR3TZ.wav,0,ICE,3.42037118179134,0.0753203107632891
ICE_20220220_QSRAGV.wav,0,ICE,3.30122183202614,0.039768877355980704
ICE_20220220_TXMY7M.wav,0,ICE,3.33688248714264,0.10034254592265483
ICE_20220220_U2ICDL.wav,0,ICE,3.37783063966852,0.0443161458445251
ICE_20220220_V2D0YF.wav,0,ICE,3.43196947978523,0.06968242440002748
ICE_20220220_XH425X.wav,1,ICE,3.33269899683397,0.09430540409358885
ICE_20220221_12VEJZ.wav,1,ICE,3.35820053654979,0.11351721264221594
ICE_20220221_3VPNUC.wav,1,ICE,3.41876382065129,0.06518973554122105
ICE_20220221_6BSOAM.wav,1,ICE,3.39574265827018,0.0675161911977819
ICE_20220221_6JG91U.wav,1,ICE,3.33451572345546,0.0344031725039346
ICE_20220221_851G2E.wav,1,ICE,3.38075370646044,0.05571446088152341
ICE_20220221_94QNLY.wav,0,ICE,3.10319372130989,0.1321296295767392
ICE_20220221_DK5JOR.wav,0,ICE,3.16858422604692,0.0916456452413095
ICE_20220221_J7X5DC.wav,1,ICE,3.33584899494851,0.05918624079611434
ICE_20220221_KJ50HE.wav,1,ICE,3.34892342477398,0.11801249173320924
ICE_20220221_LWJX6T.wav,1,ICE,3.34712006625453,0.07998857113918224
ICE_20220221_MO2J69.wav,1,ICE,3.36870762359375,0.07278612304319092
ICE_20220221_Q1HQM2.wav,1,ICE,3.37889341294367,0.04060468897736795
ICE_20220221_QL49RT.wav,1,ICE,3.38066450359245,0.06191364989201369
ICE_20220221_R2UGWA.wav,1,ICE,3.26141559906679,0.10114174324807257
ICE_20220221_R71AJZ.wav,1,ICE,3.38755774741652,0.07632608271990726
ICE_20220221_UYH7J3.wav,1,ICE,3.39596367362456,0.07713433667043297
ICE_20220222_4Q7JD7.wav,1,ICE,3.33440748111938,0.05260325476570679
ICE_20220222_4VBQ2P.wav,1,ICE,3.39841135798171,0.07642013099277081
ICE_20220222_6EQ0TL.wav,1,ICE,3.359135167666,0.07203182941353091
ICE_20220222_6GKSIO.wav,1,ICE,3.41358850537414,0.05799436161065695
ICE_20220222_8N452Z.wav,1,ICE,3.26502673511574,0.08443331947773706
ICE_20220222_8TAC9C.wav,1,ICE,3.28963066887284,0.046470102827167674
ICE_20220222_8YUN5V.wav,1,ICE,3.34034779498541,0.05018906316162086
ICE_20220222_9BS07Y.wav,1,ICE,3.38203403549139,0.07579332474627438
ICE_20220222_A8BA4W.wav,1,ICE,3.33418377438018,0.06393888182597882
ICE_20220222_C23KI0.wav,1,ICE,3.39290497873869,0.0802582275201638
ICE_20220222_C87BXP.wav,1,ICE,3.34499244762224,0.06725813377487791
ICE_20220222_DX24K9.wav,1,ICE,3.26187286013711,0.07047348429249625
ICE_20220222_EKEDSU.wav,0,ICE,3.18023736492271,0.07676561336407259
ICE_20220222_EMFS9L.wav,1,ICE,3.31639033151663,0.08919800709324135
ICE_20220222_FRTIWS.wav,1,ICE,3.19874860388791,0.13002890184633076
ICE_20220222_G70ZFX.wav,1,ICE,3.36326060424407,0.07499452729698985
ICE_20220222_GY5YHW.wav,1,ICE,3.23154185908706,0.1221962601834064
ICE_20220222_H7Q6GN.wav,1,ICE,3.37379682340536,0.1401236895445512
ICE_20220222_JQY58X.wav,1,ICE,3.25108896638351,0.024729096266635074
ICE_20220222_KBI02Y.wav,1,ICE,3.43080594657508,0.06466103892146946
ICE_20220222_M6WRXU.wav,1,ICE,3.35213399379638,0.05316859855400117
ICE_20220222_MSKNVU.wav,1,ICE,3.38230161829156,0.049949776831020386
ICE_20220222_NBEUV8.wav,1,ICE,3.33627716903928,0.10575318345233495
ICE_20220222_PHK1CN.wav,1,ICE,3.39425963684019,0.09544234681531305
ICE_20220222_RE4D4D.wav,1,ICE,3.445913386876,0.04707836053559595
ICE_20220222_RPH8JB.wav,1,ICE,3.37153017468388,0.048854677009648385
ICE_20220222_SDWVFI.wav,1,ICE,3.40174796354769,0.10208884147145188
ICE_20220222_SUWD4H.wav,1,ICE,3.40473670352215,0.09555174834258251
ICE_20220222_TCTENI.wav,1,ICE,3.43314813045161,0.07568526775472435
ICE_20220222_W4G09T.wav,1,ICE,3.30350509508083,0.04657671952269191
ICE_20220222_WB93OT.wav,1,ICE,3.38729141561396,0.08520297195766238
ICE_20220222_XR8RSU.wav,1,ICE,3.37299758420587,0.09469452863318824
ICE_20220223_1CSAEC.wav,1,ICE,43.3194141422768,0.853165660801015
ICE_20220223_29VGKG.wav,1,ICE,5.48332479079864,0.9324635410752404
ICE_20220223_3OC7WK.wav,1,ICE,4.12916380036704,0.2737836534613206
ICE_20220223_4JX1ZH.wav,0,ICE,3.2566092206324,0.1257245290735429
ICE_20220223_5K4WNG.wav,1,ICE,28.5658687490833,0.8365005257410715
ICE_20220223_9POSX6.wav,0,ICE,7.7082328361428,0.9874856912926049
ICE_20220223_AK557S.wav,1,ICE,7.93954644135552,0.9981448559197935
ICE_20220223_F5VF31.wav,1,ICE,9.28798936000603,0.74981782274879
ICE_20220223_J3HQ1L.wav,1,ICE,12.0815661403138,0.9801083282353725
ICE_20220223_JQDQKE.wav,1,ICE,35.4319283534825,0.7667032891872042
ICE_20220223_KNLE21.wav,1,ICE,2.96036597815841,0.9383650248014906
ICE_20220223_L19J83.wav,1,ICE,17.9218699868784,0.9129595189503091
ICE_20220223_MD4M9F.wav,1,ICE,8.90650074537406,0.9960178793254393
ICE_20220223_MDW49F.wav,1,ICE,6.87145059011044,0.45851839089331115
ICE_20220223_MSWMMD.wav,1,ICE,39.9553255766302,0.7997731677978447
ICE_20220223_OAY43M.wav,1,ICE,23.7411751939517,0.17886052483345663
ICE_20220223_OBIQIX.wav,1,ICE,6.77452261266512,0.5657862675212456
ICE_20220223_QUDFTF.wav,1,ICE,35.277940804297,0.7608597382148018
ICE_20220223_RLMWFJ.wav,0,ICE,3.20303963196983,0.10364956811654177
ICE_20220223_TG779B.wav,1,ICE,21.7995432552142,0.6879525044659413
ICE_20220223_UB3PH9.wav,1,ICE,5.43010735692653,0.9352610542734403
ICE_20220223_WYOFZ4.wav,1,ICE,2.19678736377716,0.7309161255525045
ICE_20220223_XLD7JM.wav,1,ICE,32.8659846987688,0.827499229178162
ICE_20220223_Y5LWYE.wav,1,ICE,2.87880266388714,0.16589704218578522
ICE_20220224_3JHYP1.wav,0,ICE,3.35869090936073,0.08605941886821007
ICE_20220224_4CN2SS.wav,1,ICE,3.3395775132941,0.14236641016233104
ICE_20220224_4DT0UI.wav,1,ICE,8.57524208286063,0.3801016251151297
ICE_20220224_8KV0B1.wav,0,ICE,3.05828228900529,0.8077539471313312
ICE_20220224_DWR0AC.wav,0,ICE,3.36226020919002,0.099384845548313
ICE_20220224_DZNTNH.wav,1,ICE,3.50086003928855,0.06487897692963727
ICE_20220224_EH0L0V.wav,1,ICE,3.46613390580461,0.20515746743849947
ICE_20220224_F44D45.wav,1,ICE,3.17551633660564,0.19209110416282443
ICE_20220224_J4SX4C.wav,1,ICE,3.3173838962978,0.08109553300657865
ICE_20220224_LVXINV.wav,1,ICE,3.26959828193805,0.06994941649196064
ICE_20220224_N7NTS6.wav,0,ICE,4.24152867054864,0.2282191198688056
ICE_20220224_OXOGXC.wav,0,ICE,16.2663039186791,0.9858996483948413
ICE_20220224_RGRA1G.wav,1,ICE,3.237664310999,0.15148355630024116
ICE_20220224_RJVDAJ.wav,1,ICE,6.21673779171887,0.8631589795274074
ICE_20220224_ROEM9B.wav,1,ICE,3.47767654807436,0.159020563940313
ICE_20220224_TXWZI7.wav,1,ICE,20.3375861383262,0.8623463764823033
ICE_20220224_USAYRI.wav,0,ICE,13.7735586173262,0.7254416853940818
ICE_20220224_X9EJB3.wav,1,ICE,3.42888438534555,0.15440193180197806
ICE_20220224_ZKO4GC.wav,0,ICE,3.35576464807095,0.15805843719360282
ICE_20220225_1IKAJ2.wav,1,ICE,3.32279260826846,0.1527003604657725
ICE_20220225_222XOY.wav,1,ICE,3.24454021674471,0.10414396997686105
ICE_20220225_3TTV3C.wav,1,ICE,24.4626612765209,0.8360633364255139
ICE_20220225_4G5J1I.wav,1,ICE,3.28770062915068,0.11276294894979633
ICE_20220225_6CQ99R.wav,1,ICE,3.27567273089951,0.13570265043492252
ICE_20220225_7BCXR0.wav,1,ICE,3.40053699294932,0.13820368894226637
ICE_20220225_7QD2CI.wav,1,ICE,3.63245436025879,0.062376442179411004
ICE_20220225_9TZNCF.wav,1,ICE,8.0564782275897,0.5654992522791629
ICE_20220225_CN6D51.wav,1,ICE,19.8274901546017,0.6320049372523021
ICE_20220225_DTDRNX.wav,1,ICE,3.39970632204794,0.17480447432938254
ICE_20220225_E4PXDA.wav,1,ICE,3.69599769782173,0.0574148582766696
ICE_20220225_E6GP9W.wav,1,ICE,8.88640571125182,0.12246076099935428
ICE_20220225_EFLK6E.wav,1,ICE,2.38742085608555,0.8209666003194174
ICE_20220225_FS6HRP.wav,1,ICE,10.4673544920364,0.09384034550785049
ICE_20220225_K0AE4T.wav,1,ICE,3.38410978510881,0.07542779275008972
ICE_20220225_K18HDK.wav,1,ICE,3.43195316271652,0.0843689466493532
ICE_20220225_LI4YY3.wav,1,ICE,18.6148810944201,0.7131088924011842
ICE_20220225_LVCRT7.wav,1,ICE,4.82368848867978,0.07936214046714157
ICE_20220225_LVOIL2.wav,1,ICE,3.32034148095312,0.07492470231676099
ICE_20220225_N7G1SN.wav,1,ICE,10.8018198108387,0.09111628991551475
ICE_20220225_OM2RLE.wav,1,ICE,3.31988996843731,0.1205098796643188
ICE_20220225_QOS209.wav,1,ICE,3.42098134199203,0.13296933038378922
ICE_20220225_RGGBEV.wav,1,ICE,2.87282772684225,0.18243605033049443
ICE_20220225_TBG6VE.wav,1,ICE,16.1002371707601,0.6473819785953189
ICE_20220225_TMW5FM.wav,1,ICE,3.09282471820889,0.11378381393947484
ICE_20220225_TYDJU7.wav,1,ICE,3.57241400470013,0.11681476834173331
ICE_20220225_TYYZT7.wav,1,ICE,14.980723679308,0.6302403982672737
ICE_20220225_V9R3UJ.wav,1,ICE,14.8980617100822,0.09927287779198256
ICE_20220225_VO6HLP.wav,1,ICE,3.32409324345148,0.05377679024882639
ICE_20220225_WEKYB0.wav,1,ICE,22.2283253345372,0.9845626877533846
ICE_20220225_WXHZ8A.wav,1,ICE,3.21685873585155,0.10555944392346811
ICE_20220225_YYRJPH.wav,1,ICE,3.3341695420751,0.13823270475081922
ICE_20220225_ZCMDZ5.wav,1,ICE,3.26329887554709,0.13869277731948648
ICE_20220225_ZWPUI2.wav,1,ICE,23.2358601249591,0.9442311412387221
ICE_20220226_0D7EUX.wav,1,ICE,26.0529602777486,0.5675065158927725
ICE_20220226_0O1CW7.wav,1,ICE,19.1162669412726,0.6727424560382614
ICE_20220226_2LQZT1.wav,1,ICE,25.4416950914622,0.719700864465695
ICE_20220226_3W409M.wav,1,ICE,21.5390441133009,0.5022757117868716
ICE_20220226_43E8R8.wav,1,ICE,6.46663523259452,0.11251875042602374
ICE_20220226_6LKK5M.wav,1,ICE,20.8788343668641,0.1657143687106686
ICE_20220226_CL9U7A.wav,1,ICE,27.833954460972,0.9148864971205812
ICE_20220226_D67E7J.wav,1,ICE,15.3167921189835,0.26176866515115066
ICE_20220226_F4XE7P.wav,1,ICE,19.1003485642641,0.6454418830555673
ICE_20220226_G4BB0D.wav,1,ICE,25.9546539974747,0.7521263466299944
ICE_20220226_G7G5J4.wav,1,ICE,16.9283827389725,0.8103417966435126
ICE_20220226_H6QKP0.wav,1,ICE,16.8020820915182,0.7195680016802298
ICE_20220226_IVPKF4.wav,1,ICE,29.6602430429063,0.9228924699487965
ICE_20220226_MNXTYN.wav,1,ICE,6.62958464232789,0.10037980176912749
ICE_20220226_NDRM6H.wav,1,ICE,26.1527741346135,0.7435759416275617
ICE_20220226_OCM527.wav,1,ICE,33.1443565931273,0.8506147598984521
ICE_20220226_OLJ5PT.wav,1,ICE,22.4943203523434,0.9063797501117412
ICE_20220226_OMO6KZ.wav,1,ICE,3.36181651777691,0.0738378653504153
ICE_20220226_POB0U5.wav,1,ICE,5.905210178209,0.510041465441552
ICE_20220226_S0A03A.wav,1,ICE,3.76562078974462,0.18318761994472318
ICE_20220226_UAE5B6.wav,1,ICE,3.28077398478685,0.09975957888063536
ICE_20220226_VLRRI5.wav,1,ICE,18.8365656593112,0.39559600163881486
ICE_20220226_Y1Y106.wav,1,ICE,19.6932462067876,0.3449372353236696
ICE_20220227_38BF1N.wav,1,ICE,3.23604166995006,0.09518199590410492
ICE_20220227_GPR1I7.wav,1,ICE,3.19441753207354,0.09721649906928082
ICE_20220227_K5C14M.wav,0,ICE,4.24474385838552,0.19125033342585648
ICE_20220228_0ARCP8.wav,1,ICE,3.24609152864557,0.11096309446183114
ICE_20220228_0J4FKP.wav,1,ICE,3.29890619150776,0.0611486543981318
ICE_20220228_21FJFT.wav,1,ICE,3.30671748585334,0.07903181868974193
ICE_20220228_2A1UCU.wav,1,ICE,3.30730144535333,0.06039531413305872
ICE_20220228_30H4VC.wav,0,ICE,3.19198642824828,0.11286370432983127
ICE_20220228_3LM4PM.wav,1,ICE,3.1146761191185,0.0467300838289105
ICE_20220228_4A0BNI.wav,1,ICE,3.28011627676133,0.07169848825409965
ICE_20220228_4OCDZ0.wav,1,ICE,3.25974904755224,0.06234614101150066
ICE_20220228_58XLBJ.wav,1,ICE,3.42988306317084,0.06394682455651762
ICE_20220228_6L4K6Y.wav,1,ICE,3.30484252360214,0.07101617354638946
ICE_20220228_8G70LY.wav,1,ICE,3.34755581485668,0.09863717422690492
ICE_20220228_9WD6I0.wav,1,ICE,3.29416801906993,0.07464532223497958
ICE_20220228_A7OVW7.wav,1,ICE,3.36789205507675,0.10798107246956426
ICE_20220228_BAKE9C.wav,1,ICE,3.36046438515467,0.0763590638153666
ICE_20220228_BGJ9E1.wav,1,ICE,3.53226885725257,0.04390786358602437
ICE_20220228_BK09QW.wav,0,ICE,3.1708826931195,0.073708094855275
ICE_20220228_DF859Y.wav,0,ICE,3.34707682101021,0.14727236936385052
ICE_20220228_DQEQT5.wav,1,ICE,3.31539033978967,0.08724690051433891
ICE_20220228_E3DOD2.wav,1,ICE,3.29082637700423,0.08271108891692962
ICE_20220228_F3JLOL.wav,1,ICE,3.21219657613488,0.06450479784947259
ICE_20220228_FQ018J.wav,1,ICE,3.2483688185831,0.08039567735617541
ICE_20220228_FT0AFQ.wav,1,ICE,3.21931511023191,0.10896508887432038
ICE_20220228_GI4A8F.wav,1,ICE,3.0834149678837,0.0632650955827196
ICE_20220228_GVZ078.wav,1,ICE,3.38772523918719,0.10367967168227048
ICE_20220228_H0S7CD.wav,1,ICE,3.37805868203401,0.24319961333154205
ICE_20220228_II32GQ.wav,1,ICE,3.08132973324467,0.045595775191443755
ICE_20220228_ILWX96.wav,1,ICE,3.26136536127786,0.13168117157265646
ICE_20220228_L8MEJM.wav,1,ICE,3.34469021212172,0.16325660524831825
ICE_20220228_LECLLY.wav,1,ICE,3.46905550307276,0.16917283933744415
ICE_20220228_LU6SIQ.wav,1,ICE,3.29373343879833,0.07762307326105654
ICE_20220228_N2AE7U.wav,1,ICE,3.34189095044949,0.09682993842329601
ICE_20220228_O54U31.wav,1,ICE,3.23999061930451,0.10541890250998372
ICE_20220228_O98ZD6.wav,1,ICE,3.31834203431671,0.12602896411092412
ICE_20220228_OJWF57.wav,1,ICE,3.41924999914075,0.14307477078498082
ICE_20220228_P94LHJ.wav,1,ICE,3.26247429796293,0.07737320905116263
ICE_20220228_PM5STW.wav,1,ICE,3.33575197922096,0.02252645612614158
ICE_20220228_QE8URK.wav,1,ICE,3.27900632868596,0.0456992963415839
ICE_20220228_QMK88K.wav,1,ICE,3.22228172899706,0.06627270880297695
ICE_20220228_SRMU53.wav,1,ICE,3.49610118619417,0.04838059464725253
ICE_20220228_T0DX9G.wav,1,ICE,3.29618153404617,0.06277987204710084
ICE_20220228_TE2HNG.wav,0,ICE,3.31566167517145,0.053889120173662285
ICE_20220228_TPCECJ.wav,1,ICE,3.30758748636296,0.08890367680671396
ICE_20220228_U3TXTQ.wav,1,ICE,3.22475586155136,0.10259695536566348
ICE_20220228_UPN8YO.wav,1,ICE,3.24424411994579,0.04473723658334907
ICE_20220228_V2TN90.wav,1,ICE,9.72404111655451,0.18380506999630306
ICE_20220228_VIPHFJ.wav,0,ICE,3.31688031802855,0.135307891796362
ICE_20220228_W42ZGR.wav,1,ICE,3.46182565869005,0.0415123871571827
ICE_20220228_WOU6X7.wav,1,ICE,3.22617016677324,0.08421020680365317
ICE_20220228_WSGM65.wav,1,ICE,3.2679177230311,0.10773135494231373
ICE_20220228_X9Z423.wav,1,ICE,3.5329011514744,0.08961351903575297
ICE_20220228_XCC6LW.wav,1,ICE,3.25353290573488,0.11265728752123857
ICE_20220228_XK1WGV.wav,1,ICE,3.26611404710576,0.0771169046750205
ICE_20220228_YCULHE.wav,1,ICE,3.35082763729914,0.06387776649702871
ICE_20220228_YJLV5Z.wav,1,ICE,3.31623087560997,0.06980758712487642
ICE_20220228_YM6520.wav,1,ICE,3.20971660338157,0.05713179019325238
ICE_20220228_Z1Q425.wav,1,ICE,3.33482467360674,0.06609076178411274
ICE_20220228_ZK1A2N.wav,1,ICE,3.28013919798737,0.0848389332625268
ICE_20220301_0VB880.wav,1,ICE,3.29636415959152,0.08188007678757062
ICE_20220301_1U0JU0.wav,1,ICE,3.29788707779489,0.07427066350164456
ICE_20220301_2MUOKQ.wav,1,ICE,3.29593360163105,0.05790902931082891
ICE_20220301_2UD3QU.wav,0,ICE,3.24250982994079,0.1317641439204547
ICE_20220301_3DZFYR.wav,1,ICE,3.35697122225993,0.07203174354495
ICE_20220301_3ERV14.wav,1,ICE,3.31125255464238,0.07828462535954477
ICE_20220301_3P4LVI.wav,1,ICE,4.61060167485245,0.0875151702221677
ICE_20220301_4QZK3W.wav,1,ICE,3.3320885482089,0.06369255366581594
ICE_20220301_66XEVU.wav,1,ICE,3.38643261034231,0.12454345879913224
ICE_20220301_9LIJR4.wav,1,ICE,3.39920880573567,0.0658857003694637
ICE_20220301_9YE850.wav,1,ICE,3.28313545286166,0.05668049740651656
ICE_20220301_AE4Y0K.wav,1,ICE,3.38821204694848,0.07258449411428934
ICE_20220301_DZGQRJ.wav,1,ICE,3.31041599811483,0.054592131174957856
ICE_20220301_E0MD3H.wav,1,ICE,3.44227096947164,0.1285098522643177
ICE_20220301_FE3BA8.wav,0,ICE,3.33022997514416,0.09199799700156608
ICE_20220301_I2Z5M6.wav,1,ICE,3.42266256160352,0.046405013039114186
ICE_20220301_IBNHSK.wav,1,ICE,3.43711218212596,0.10038346349459873
ICE_20220301_IDKJU2.wav,1,ICE,3.29568412466383,0.06852043254093952
ICE_20220301_JHIN2B.wav,1,ICE,3.37098191208053,0.10702336854432483
ICE_20220301_K16A34.wav,1,ICE,8.20171211306337,0.415762703824588
ICE_20220301_K63P1P.wav,1,ICE,3.25402057645074,0.04397502813932783
ICE_20220301_KBTSBS.wav,1,ICE,3.3857618124125,0.07763821328571768
ICE_20220301_KWLDOC.wav,1,ICE,3.27055093904663,0.04627084836308728
ICE_20220301_L4FLWP.wav,1,ICE,3.32505508354921,0.10075410675766439
ICE_20220301_M25Y08.wav,1,ICE,8.1876329821264,0.03904891502028165
ICE_20220301_MG94J8.wav,0,ICE,3.30364996881825,0.1304569578890278
ICE_20220301_MOBST3.wav,0,ICE,3.38573356358252,0.25883866131937616
ICE_20220301_O6U6R8.wav,1,ICE,3.38836307204961,0.06513604297803541
ICE_20220301_OPSE19.wav,1,ICE,3.27217542602363,0.0974493012669721
ICE_20220301_OQ3KDH.wav,1,ICE,3.44064836810808,0.08594029086106811
ICE_20220301_OTSXIF.wav,1,ICE,3.3639202322182,0.12909226993418604
ICE_20220301_OZI801.wav,1,ICE,3.32136419985297,0.04779031961555916
ICE_20220301_PRAEGB.wav,1,ICE,3.34580155471384,0.05029629723487738
ICE_20220301_PVOPCK.wav,1,ICE,3.32312223501992,0.0670481714721717
ICE_20220301_QLJ013.wav,1,ICE,3.26149901664306,0.09558683800461795
ICE_20220301_SYUSDN.wav,1,ICE,3.67581328664186,0.10746799355878099
ICE_20220301_T2NSVU.wav,1,ICE,3.3879857863124,0.08627037804051535
ICE_20220301_T9ARH8.wav,1,ICE,3.26813845607738,0.03785570950251182
ICE_20220301_TV2WOY.wav,1,ICE,3.35886881692371,0.085088762168321
ICE_20220301_U4F5BA.wav,1,ICE,22.5153340053943,0.7823997060041712
ICE_20220301_U8CM3H.wav,1,ICE,3.24690523206599,0.06671368015812575
ICE_20220301_UO8ES2.wav,1,ICE,3.41609711058994,0.06825878086283366
ICE_20220301_WLRKOP.wav,1,ICE,3.26962821830841,0.0886824090101452
ICE_20220301_WYJHMK.wav,1,ICE,3.36297618060933,0.04861473977679361
ICE_20220301_ZYXQC4.wav,1,ICE,3.35998202049063,0.05093820255599725
ICE_20220302_1QI9AR.wav,0,ICE,3.28601345159412,0.08877383846229162
ICE_20220302_7IIEZX.wav,0,ICE,3.23770394034476,0.1301354349501481
ICE_20220302_NTMLFO.wav,1,ICE,3.30316142962814,0.30549065906300493
ICE_20220302_XZZB7Z.wav,1,ICE,3.37738455583703,0.1487632794567996
ICE_20220302_Y09WVB.wav,0,ICE,3.22111084012594,0.0969148861785401
ICE_20220303_24FIGS.wav,0,ICE,3.32873140023651,0.09751621412030384
ICE_20220303_2IM7IR.wav,1,ICE,3.3615740875783,0.1445778284590459
ICE_20220303_774MEE.wav,1,ICE,3.17917364899713,0.27261586628207307
ICE_20220303_7J4Q8X.wav,0,ICE,3.20335448934734,0.12484170026219757
ICE_20220303_9B264J.wav,1,ICE,3.38730762279199,0.1738322051120107
ICE_20220303_GIJ2YW.wav,1,ICE,3.2552297791829,0.15433283219573507
ICE_20220303_INDZN8.wav,0,ICE,3.3391331985054,0.08228696072923214
ICE_20220303_J5KVY8.wav,1,ICE,3.40880857633767,0.13149014466293255
ICE_20220303_KSBOP7.wav,1,ICE,3.25360610239132,0.084284726457169
ICE_20220303_MUKKAD.wav,1,ICE,3.24718848624493,0.15192981764757865
ICE_20220303_V66550.wav,1,ICE,3.3194988499709,0.14815181335485997
ICE_20220303_W1M552.wav,0,ICE,3.26919832365783,0.1140781276998394
ICE_20220303_WOPVCP.wav,1,ICE,3.26751451467904,0.07747028377704075
ICE_20220303_XC28Y6.wav,1,ICE,3.3029093057845,0.11743757939706413
ICE_20220303_ZAA4IW.wav,0,ICE,3.15724141947047,0.19252185945409087
ICE_20220304_0HBBBU.wav,0,ICE,3.0732273140074,0.0860339185686528
ICE_20220304_6YATCN.wav,0,ICE,12.1562503015793,0.7514727819411601
ICE_20220304_GPSUFO.wav,1,ICE,2.9396689250176,0.10408836594561059
ICE_20220304_JFHQRI.wav,1,ICE,2.61533530758208,0.019238144811408037
ICE_20220304_KIDO2U.wav,1,ICE,12.1793544729599,0.3336995797711716
ICE_20220304_Q0F3Z1.wav,1,ICE,3.03609149109593,0.13344008580184935
ICE_20220304_Q3FC00.wav,1,ICE,12.393273506559,0.8023232421038067
ICE_20220304_ROYB09.wav,1,ICE,3.24412322132939,0.2410299597905117
ICE_20220304_SUNE6E.wav,1,ICE,2.52651611384619,0.050182697650599184
ICE_20220304_Y56SY3.wav,1,ICE,5.57929983856713,0.9900480710014172
ICE_20220305_08LK6V.wav,0,ICE,2.66320209400456,0.12171373898847815
ICE_20220305_4I72ST.wav,0,ICE,2.14074102118451,0.11763289676578709
ICE_20220305_4TZXIO.wav,0,ICE,8.61479249161428,0.9052469987050047
ICE_20220305_C252ES.wav,1,ICE,2.76355324660904,0.27114652785674836
ICE_20220305_CLNQWK.wav,0,ICE,2.96524428187161,0.10148825180415848
ICE_20220305_DR7H1D.wav,0,ICE,2.76270975257864,0.11153010741231655
ICE_20220305_EXVZXT.wav,0,ICE,2.81969539967427,0.1989055113170395
ICE_20220305_R7GBPH.wav,0,ICE,1.93018017819399,0.17329404987465027
ICE_20220305_SSGU64.wav,0,ICE,10.3390745759902,0.12037063969646161
ICE_20220305_SZX3S6.wav,1,ICE,2.24861906168006,0.22399521573737685
ICE_20220306_00O4AM.wav,1,ICE,20.8705207529579,0.7811724642228808
ICE_20220306_13SHQR.wav,0,ICE,3.30689721077494,0.10266502849748368
ICE_20220306_1T4F9Z.wav,1,ICE,26.7784242111412,0.7074143718747244
ICE_20220306_2V6ZZ7.wav,0,ICE,3.27046750413577,0.15199110102462604
ICE_20220306_3GGBB5.wav,1,ICE,12.8243272990786,0.22314447097040765
ICE_20220306_3JAW07.wav,1,ICE,3.6619670142303,0.9809397166112844
ICE_20220306_3R5PGO.wav,0,ICE,3.47053705322667,0.32774269734560085
ICE_20220306_3TR3ZD.wav,0,ICE,3.14997870584995,0.10072137056672822
ICE_20220306_BD9LCC.wav,1,ICE,24.9898596653956,0.38821974713163043
ICE_20220306_BLLFL9.wav,0,ICE,3.36258081876029,0.11082344359970715
ICE_20220306_CIVB47.wav,1,ICE,28.4927809680401,0.8837606098179429
ICE_20220306_FIW3KO.wav,0,ICE,1.83107008785098,0.1491248881672006
ICE_20220306_K6UILS.wav,1,ICE,7.58836971605406,0.17723255146487502
ICE_20220306_M3VA39.wav,1,ICE,20.4170923795725,0.7434648160780961
ICE_20220306_MXAAQ7.wav,1,ICE,11.7866771041072,0.24584160630787152
ICE_20220306_O3UGXR.wav,0,ICE,23.2073102893117,0.4324995532834976
ICE_20220306_RC297V.wav,0,ICE,13.649620979723,0.7247935742477454
ICE_20220306_RWBOV4.wav,0,ICE,3.27381527146508,0.15656273723909694
ICE_20220306_Y7XL25.wav,0,ICE,3.22917911381793,0.12956832704015947
ICE_20220306_ZCRJBN.wav,0,ICE,4.39970803736413,0.9278887553992204
ICE_20220306_ZHKKKZ.wav,1,ICE,31.2689636250645,0.8143649485376043
ICE_20220306_ZT577I.wav,0,ICE,3.30196291232254,0.19241239425587534
ICE_20220307_26MJ0O.wav,0,ICE,3.26867844210236,0.1931109775726272
ICE_20220307_2B2RVL.wav,1,ICE,2.69438865896117,0.13944965397980225
ICE_20220307_8BES8Q.wav,0,ICE,3.45393466690313,0.7946960415249974
ICE_20220307_9D26S5.wav,1,ICE,3.19282452885562,0.09841148211419229
ICE_20220307_BMV8DF.wav,1,ICE,14.2588619947485,0.8281879385656712
ICE_20220307_IQVK0Y.wav,0,ICE,6.92698898946883,0.9489416351457762
ICE_20220307_LBNMNN.wav,0,ICE,2.55999461158916,0.20975834088467374
ICE_20220307_O68132.wav,0,ICE,1.52580817095576,0.048590532922632414
ICE_20220307_OGEWB8.wav,1,ICE,3.47417607877409,0.7111064058988651
ICE_20220307_OLZ3EY.wav,1,ICE,25.0627369808409,0.977469378311567
ICE_20220307_UZK070.wav,0,ICE,1.57797040911377,0.0952325242768664
ICE_20220307_VVFSGX.wav,1,ICE,29.3559771982265,0.5645654472666791
ICE_20220307_YWKVIV.wav,1,ICE,3.01632949200304,0.040947164367927016
ICE_20220308_0CVD5C.wav,1,ICE,3.28421528882672,0.14018716258495548
ICE_20220308_1LMDG5.wav,1,ICE,26.1705244617773,0.8234844447507876
ICE_20220308_2P5S4T.wav,1,ICE,3.29192359083636,0.1881142934730856
ICE_20220308_57OJMX.wav,1,ICE,3.34802962622117,0.1563581671846386
ICE_20220308_5AOK4O.wav,1,ICE,5.80554098808114,0.09580388225574261
ICE_20220308_72HCE1.wav,1,ICE,3.25638732845855,0.14140311187087187
ICE_20220308_77WU0Z.wav,1,ICE,3.37582659482437,0.1562948807766687
ICE_20220308_8QOEAE.wav,1,ICE,3.64266469363523,0.16658849995365094
ICE_20220308_90Z0W4.wav,1,ICE,3.4216201269113,0.10769943302302973
ICE_20220308_BKFTLW.wav,1,ICE,18.2163318366101,0.5940927150682764
ICE_20220308_CUM9MQ.wav,1,ICE,3.34939048447231,0.1620198128468872
ICE_20220308_D2N3XP.wav,1,ICE,3.34281857823429,0.10911467635919919
ICE_20220308_E0NU40.wav,1,ICE,8.94115243026009,0.15712855910816542
ICE_20220308_FYZMPN.wav,1,ICE,3.43780240220615,0.20144581531288736
ICE_20220308_GQFYG2.wav,1,ICE,9.38612933100291,0.5145967324225394
ICE_20220308_JLFP7A.wav,1,ICE,3.26542260979959,0.15840182890311755
ICE_20220308_K8UDYG.wav,1,ICE,4.65304358747223,0.19455569634534187
ICE_20220308_MCOJOL.wav,1,ICE,3.40760647100543,0.10582824552535364
ICE_20220308_MVUE27.wav,1,ICE,7.74555021483063,0.10646517895645939
ICE_20220308_OW0Y0L.wav,1,ICE,9.20431814327885,0.1805980470041522
ICE_20220308_PY6YK4.wav,1,ICE,3.20288964968945,0.10510101261239344
ICE_20220308_SVCLFG.wav,1,ICE,3.1634427659531,0.1999702653996148
ICE_20220308_ULBLE9.wav,1,ICE,3.33523195760605,0.07376732335388095
ICE_20220308_V32HH0.wav,1,ICE,18.1851062616642,0.7028695860380073
ICE_20220308_W8A9NK.wav,1,ICE,7.77787547984882,0.07095749602988202
ICE_20220308_X8PA8O.wav,1,ICE,23.6793985134094,0.888784728873419
ICE_20220308_YIHZVX.wav,1,ICE,3.52448825504601,0.08927619559041532
ICE_20220308_Z85AKG.wav,1,ICE,3.17605271361704,0.11671566151967223
ICE_20220309_0FL1QE.wav,1,ICE,3.30442477159819,0.14073434647915922
ICE_20220309_0XSYRT.wav,1,ICE,3.39369567056665,0.16321202457258094
ICE_20220309_1171KG.wav,1,ICE,3.33677257230248,0.06192810295448679
ICE_20220309_2OF19L.wav,1,ICE,3.45568343751019,0.08849320734903027
ICE_20220309_5GAZPO.wav,0,ICE,3.28616489866293,0.1424021903660761
ICE_20220309_7STJSF.wav,1,ICE,3.55199967650279,0.07257250239905423
ICE_20220309_873TM0.wav,1,ICE,3.34145278862509,0.07817372481509964
ICE_20220309_BFG6AO.wav,1,ICE,3.50887249034696,0.11078027785918332
ICE_20220309_BVJK4X.wav,1,ICE,3.23146536002705,0.22244476972691812
ICE_20220309_CWWVGP.wav,1,ICE,3.35769360126853,0.0524324277877854
ICE_20220309_ESNGRO.wav,1,ICE,3.32218505637426,0.21456555147078732
ICE_20220309_F9FOEM.wav,1,ICE,3.45377652053036,0.10377184093569768
ICE_20220309_FWBHCK.wav,1,ICE,3.35985855239791,0.09466881699553088
ICE_20220309_IIQVEO.wav,1,ICE,3.33426698057583,0.08611573913215638
ICE_20220309_JOTRG5.wav,1,ICE,3.46812845757343,0.12046661734945037
ICE_20220309_L0PX69.wav,1,ICE,3.19787883739918,0.14349824468124786
ICE_20220309_L7YP1K.wav,1,ICE,3.36417631646072,0.09127590409159822
ICE_20220309_L8ILOC.wav,1,ICE,3.33882946432636,0.10659168816160913
ICE_20220309_LPFISH.wav,1,ICE,3.4470044703214,0.11593765799495045
ICE_20220309_N1A0J5.wav,1,ICE,3.34670886065738,0.07543559794393151
ICE_20220309_N3L09G.wav,1,ICE,3.35372107812502,0.12393873939142103
ICE_20220309_N49YMA.wav,1,ICE,3.33403916100879,0.12439774914248744
ICE_20220309_NB4A0S.wav,1,ICE,3.26617313310524,0.08478021386789189
ICE_20220309_NGMMTP.wav,1,ICE,3.2616139373297,0.13185895713160736
ICE_20220309_QOK5A2.wav,1,ICE,3.39485524402655,0.08184709170696937
ICE_20220309_QSPHON.wav,1,ICE,3.30466022825078,0.06803797292146205
ICE_20220309_RG50N4.wav,1,ICE,3.47625436922103,0.11563341879710977
ICE_20220309_RXRDAU.wav,1,ICE,3.37010838984156,0.11966440953819163
ICE_20220309_SIZQTV.wav,1,ICE,3.39408415859723,0.19977786363923164
ICE_20220309_SPQL6F.wav,0,ICE,3.35725855304258,0.11509174453858005
ICE_20220309_SYPPKE.wav,1,ICE,3.32979702032369,0.08966840251107452
ICE_20220309_T9B1SV.wav,1,ICE,8.76337455596243,0.1451012014190983
ICE_20220309_TXQ571.wav,1,ICE,3.27279077010017,0.05606074057923334
ICE_20220309_U031CG.wav,1,ICE,3.32802374955624,0.17102140846491237
ICE_20220309_UB1ZFH.wav,1,ICE,26.4334807265364,0.6474610674268485
ICE_20220309_UGPAXR.wav,1,ICE,3.3540895564427,0.1405344582858711
ICE_20220309_UU6DPH.wav,1,ICE,3.24342668569065,0.15766817368851227
ICE_20220309_VYUSN5.wav,1,ICE,3.34958772028281,0.13102861128055152
ICE_20220309_WAAK47.wav,1,ICE,3.22247846019467,0.0739635437940061
ICE_20220309_XZ2DLV.wav,1,ICE,3.20482404745855,0.08743800286633834
ICE_20220309_YP9BW2.wav,1,ICE,3.61912465093806,0.13262748020073922
ICE_20220309_ZPPPGC.wav,1,ICE,3.33989114176032,0.15119608929601142
ICE_20220310_18QL60.wav,1,ICE,14.4951263185081,0.8568912518854561
ICE_20220310_1T3UTB.wav,0,ICE,3.37451820805864,0.16561505213707628
ICE_20220310_2AFNZN.wav,1,ICE,3.31545826270247,0.10813162932297261
ICE_20220310_572MJ6.wav,1,ICE,3.36958376421675,0.22159428692939886
ICE_20220310_5GLWU5.wav,1,ICE,3.27115773168556,0.2172522397933223
ICE_20220310_5TI3VU.wav,1,ICE,3.32920935593091,0.10544494436868729
ICE_20220310_7FVKG0.wav,1,ICE,3.37539375007537,0.12633940750190428
ICE_20220310_7XQCQB.wav,1,ICE,3.3354999075714,0.16002763085407912
ICE_20220310_8E7YE9.wav,1,ICE,3.23520918069008,0.1357355584760552
ICE_20220310_9SII30.wav,1,ICE,3.40242614451315,0.10249390395364374
ICE_20220310_AVBAT1.wav,1,ICE,9.15735762218711,0.8088660273632441
ICE_20220310_B5CH0U.wav,1,ICE,3.25890012551117,0.17006415955035267
ICE_20220310_CEJ9V2.wav,1,ICE,3.15500138914786,0.17978430404451679
ICE_20220310_DHDE69.wav,1,ICE,11.5688912257062,0.47403001464287353
ICE_20220310_DLF132.wav,1,ICE,3.33115654010575,0.2497216216468036
ICE_20220310_DOSRU7.wav,1,ICE,3.27435224127338,0.1614053580116461
ICE_20220310_EDYIE7.wav,1,ICE,3.28216707270312,0.10632989596532794
ICE_20220310_ETVSTW.wav,1,ICE,3.5033797996943,0.12576881003863627
ICE_20220310_FQ12EV.wav,1,ICE,16.2510329433496,0.5811282209404274
ICE_20220310_FWVM0Q.wav,1,ICE,3.27710297476603,0.112001546315422
ICE_20220310_FYKIE3.wav,1,ICE,3.24917225452823,0.1302781429056954
ICE_20220310_GHR2EZ.wav,1,ICE,3.30246220696021,0.15204245824019513
ICE_20220310_HJ2OY2.wav,1,ICE,3.28923808329824,0.17521217142274415
ICE_20220310_HPL1FW.wav,1,ICE,12.3404821845257,0.6850188505466267
ICE_20220310_I4DBFN.wav,1,ICE,3.41662014611816,0.21344674626700438
ICE_20220310_IAT1EZ.wav,1,ICE,3.37126234593957,0.1592843188724833
ICE_20220310_IY63M1.wav,1,ICE,3.31856911898483,0.10434257449777266
ICE_20220310_J9YG0B.wav,1,ICE,15.3905880953301,0.4696447178861805
ICE_20220310_KTD480.wav,1,ICE,3.22945808688829,0.10295294123509559
ICE_20220310_LSGC9I.wav,1,ICE,4.45553672456126,0.10868093471001214
ICE_20220310_O32ZI5.wav,1,ICE,3.33750608313922,0.129122712960836
ICE_20220310_PSJB75.wav,1,ICE,3.29468531182996,0.09946620073295863
ICE_20220310_RBUOTP.wav,1,ICE,3.29175913201829,0.10271291716440364
ICE_20220310_RKY2MY.wav,1,ICE,5.9331724352237,0.16430634372836847
ICE_20220310_SKYPA2.wav,1,ICE,3.32286487279627,0.17216406603987064
ICE_20220310_SYA7DO.wav,1,ICE,3.31965557952134,0.16895426982101933
ICE_20220310_TT29RD.wav,1,ICE,16.4162840452428,0.6334818153586181
ICE_20220310_TV01PE.wav,1,ICE,3.24903443838629,0.20154888665848206
ICE_20220310_UW7GAL.wav,1,ICE,3.31054096593936,0.15182294339177696
ICE_20220310_YKQXY3.wav,1,ICE,3.28672324766466,0.18702335477018944
ICE_20220311_0HK5DJ.wav,1,ICE,3.32355592147005,0.17487442171275444
ICE_20220311_0O3M2K.wav,1,ICE,11.4222164273095,0.18533862588797329
ICE_20220311_16O358.wav,1,ICE,14.2905665015554,0.384461724826502
ICE_20220311_22COFL.wav,1,ICE,3.3850353987085,0.16372326197045364
ICE_20220311_3O7ZDT.wav,1,ICE,9.18120232879999,0.15592291165601446
ICE_20220311_5W8IA4.wav,1,ICE,13.6921913245911,0.335837818429769
ICE_20220311_5WO74R.wav,0,ICE,3.33993647318208,0.09187693506815808
ICE_20220311_8YR7B6.wav,0,ICE,3.45236901637843,0.11249139066111666
ICE_20220311_949KYP.wav,1,ICE,10.9312465890139,0.25269691925249604
ICE_20220311_9H4P4A.wav,1,ICE,16.7004245356089,0.834029179587907
ICE_20220311_A62L5S.wav,1,ICE,14.013623250022,0.29407166307269483
ICE_20220311_BLEK9I.wav,1,ICE,14.3642013893519,0.16758530887963094
ICE_20220311_C2JX3O.wav,1,ICE,9.4147758810299,0.25312144897009436
ICE_20220311_D71EIX.wav,1,ICE,8.50135140186552,0.11901020901278267
ICE_20220311_EEZBRT.wav,0,ICE,3.39069855846876,0.09436750329747297
ICE_20220311_EPYV55.wav,1,ICE,3.33633917271781,0.22444544132245525
ICE_20220311_EWF5IE.wav,1,ICE,15.6039853681385,0.6599897662055757
ICE_20220311_FD9JKG.wav,0,ICE,3.35670012308567,0.1735904185188949
ICE_20220311_FHEM5V.wav,1,ICE,3.34139487213174,0.10192647770582124
ICE_20220311_HB6DPD.wav,1,ICE,3.48335934108198,0.10089985534423887
ICE_20220311_HFQVXV.wav,1,ICE,8.67344776007692,0.4051316133324335
ICE_20220311_HUBZJN.wav,1,ICE,9.9335170594478,0.20204933020062724
ICE_20220311_HXOB67.wav,1,ICE,17.9236516649705,0.7557170946498554
ICE_20220311_IAEP8U.wav,1,ICE,14.6920506417418,0.31693817146724407
ICE_20220311_K8NOMV.wav,1,ICE,3.31191937266933,0.11934478516810418
ICE_20220311_MPRLY2.wav,1,ICE,3.35876867540889,0.15346871892620695
ICE_20220311_N559SR.wav,1,ICE,13.3862117046198,0.3292420275967448
ICE_20220311_NB3S94.wav,0,ICE,8.30120053256492,0.23432321457830033
ICE_20220311_PDF4GQ.wav,0,ICE,3.38094471995218,0.17833800904980626
ICE_20220311_POOLG3.wav,1,ICE,16.090470041945,0.8251314420554765
ICE_20220311_R63QZE.wav,0,ICE,3.26181678347567,0.10495137242886672
ICE_20220311_RO9I43.wav,1,ICE,3.29655770320471,0.06289759995692143
ICE_20220311_SJDTUC.wav,1,ICE,3.37666245189408,0.08528485627114032
ICE_20220311_SP28D1.wav,1,ICE,3.68534098853033,0.31679693614380733
ICE_20220311_T53FAN.wav,0,ICE,3.30226016042989,0.1514641449283917
ICE_20220311_VEJ8UT.wav,1,ICE,9.03033411932481,0.17609699574507262
ICE_20220311_WDFJJG.wav,1,ICE,5.48007111688667,0.1150507016032351
ICE_20220311_WHOZEH.wav,1,ICE,16.1727142688562,0.14097647658395443
ICE_20220312_2LHQRY.wav,1,ICE,3.20501285675842,0.17866366212957474
ICE_20220312_2LO131.wav,1,ICE,3.07955804078019,0.12822938172566
ICE_20220312_3LCUJC.wav,1,ICE,3.3692858694689,0.09649535444945045
ICE_20220312_4ID2FJ.wav,1,ICE,3.31899563421725,0.12984733008287588
ICE_20220312_65MAIP.wav,1,ICE,3.21276348996389,0.15021048426479366
ICE_20220312_AE5OA9.wav,1,ICE,3.31219357618704,0.14716966610714236
ICE_20220312_AI3DU4.wav,1,ICE,2.91988113044117,0.1104373207719868
ICE_20220312_BBJNOW.wav,1,ICE,3.21223214967274,0.1727009973783473
ICE_20220312_DOX3W2.wav,1,ICE,2.96994487996612,0.24151238071068637
ICE_20220312_GM994Y.wav,1,ICE,2.90496717142832,0.1601626178206119
ICE_20220312_KA1OUZ.wav,1,ICE,3.28745118243848,0.23734154155325768
ICE_20220312_LJWYMU.wav,1,ICE,2.68292396647396,0.9568827152013101
ICE_20220312_MH81ZA.wav,1,ICE,5.34312415633062,0.9992712090981047
ICE_20220312_NOUXAQ.wav,0,ICE,3.40891796174191,0.15030466607712561
ICE_20220312_NZKDFL.wav,1,ICE,2.52433484991376,0.1840728233686537
ICE_20220312_OD0C0C.wav,1,ICE,3.3229896167371,0.19802058505093975
ICE_20220312_P70T5K.wav,1,ICE,2.1072579208952,0.21587792513819742
ICE_20220312_P877WE.wav,1,ICE,2.3011807817295,0.15777004066012004
ICE_20220312_QV86AE.wav,1,ICE,2.78763178604305,0.30884557533262924
ICE_20220312_QYPNEV.wav,1,ICE,3.00508800757492,0.11746555402994532
ICE_20220312_U6VCOR.wav,1,ICE,2.57382879173436,0.15337081758290919
ICE_20220312_UA2UIP.wav,1,ICE,3.29596572617771,0.11792532932507233
ICE_20220312_UYAT3T.wav,1,ICE,2.18948073248063,0.18978259810905382
ICE_20220312_WFW0CA.wav,1,ICE,3.4693093178645,0.17750725607965553
ICE_20220312_WZ0VOO.wav,1,ICE,3.10164341684837,0.8412873267748482
ICE_20220312_XKCJ83.wav,1,ICE,5.19219823391781,0.9991410011405115
ICE_20220312_YNS7IF.wav,1,ICE,6.57981120293839,0.9820953848375885
ICE_20220312_Z4AUZ6.wav,1,ICE,3.4662363137356,0.3282373053581379
ICE_20220312_ZTDO5O.wav,1,ICE,4.97653665180845,0.9601003510249967
ICE_20220313_25G3I2.wav,1,ICE,2.54128373560184,0.13776650498525844
ICE_20220313_32DEAB.wav,1,ICE,3.17058843102069,0.1884080205757597
ICE_20220313_4U8HI2.wav,1,ICE,2.77301507492475,0.172546906489102
ICE_20220313_7VCIKZ.wav,1,ICE,3.21471965005023,0.19019631824726055
ICE_20220313_878UFD.wav,1,ICE,3.0184956133867,0.19241303650260216
ICE_20220313_B5EEC6.wav,0,ICE,1.4778279701036,0.0911097078369035
ICE_20220313_CXOZXL.wav,0,ICE,2.43802267458287,0.14553731783021714
ICE_20220313_G7D768.wav,0,ICE,2.50194695033238,0.11085584215765663
ICE_20220313_HW6YY3.wav,0,ICE,4.70121627077633,0.47368888091942857
ICE_20220313_PO2CO9.wav,1,ICE,3.0901281483542,0.1936860585729808
ICE_20220313_U165GO.wav,0,ICE,2.99549800150646,0.1364754346826363
ICE_20220313_YQO5HV.wav,0,ICE,3.00336724249381,0.0988753822305269
ICE_20220313_Z8ANTU.wav,0,ICE,1.45258688072283,0.013839629795035877
ICE_20220314_8HTQ2I.wav,1,ICE,3.32491943236133,0.14551932761414424
ICE_20220314_ES3H4P.wav,1,ICE,2.96574260319685,0.15982466826961708
ICE_20220314_I7PUBY.wav,1,ICE,3.28401793372457,0.10462860593413076
ICE_20220314_IXZVFV.wav,1,ICE,3.10316388685509,0.2140664115136242
ICE_20220314_L64QRK.wav,1,ICE,2.9982585142939,0.08370679407971131
ICE_20220314_LL3ROK.wav,1,ICE,3.16324670385254,0.23075401464461817
ICE_20220314_LZM2GU.wav,1,ICE,2.63805189136646,0.13967583633390948
ICE_20220314_NJWLQF.wav,1,ICE,3.32404616505328,0.06979974851148363
ICE_20220314_NVQAD2.wav,1,ICE,3.15616701963443,0.1524348415804982
ICE_20220314_PSKSX3.wav,0,ICE,2.66616338740796,0.18053644161644028
ICE_20220314_SHPHNV.wav,1,ICE,3.44008458830375,0.2062406661741507
ICE_20220314_SK7HFW.wav,1,ICE,2.32303607372164,0.8279821045617819
ICE_20220314_SM9TEQ.wav,1,ICE,2.59647414429198,0.27212723713378834
ICE_20220314_TSK0PV.wav,1,ICE,3.29232554725592,0.09709475064631755
ICE_20220314_W6G5LT.wav,1,ICE,3.04539085365779,0.13847908171669646
ICE_20220314_WQ7BEY.wav,0,ICE,3.351540390616,0.12938576346852257
ICE_20220314_XJ0567.wav,0,ICE,2.98248945538671,0.10081011678852922
ICE_20220314_YP6122.wav,1,ICE,2.92331881480867,0.07863186247075854
ICE_20220315_0ZXWGD.wav,1,ICE,3.25680297746369,0.08716529367179437
ICE_20220315_1BDQ22.wav,1,ICE,3.19588854096696,0.14575912527082016
ICE_20220315_2AU1KJ.wav,1,ICE,3.31062561661483,0.1891765473695339
ICE_20220315_31002U.wav,1,ICE,3.2494443046252,0.16158520772886353
ICE_20220315_5TV1DY.wav,1,ICE,3.29941569328094,0.04662759596348195
ICE_20220315_CBJGKV.wav,1,ICE,3.35519753567464,0.1345554324139226
ICE_20220315_DSCO58.wav,1,ICE,3.31443482065833,0.18930249486969267
ICE_20220315_I8F1IP.wav,1,ICE,3.28045158146352,0.06055114315583136
ICE_20220315_ILOHS4.wav,1,ICE,3.29654144493017,0.09363069628953294
ICE_20220315_JK8FQB.wav,1,ICE,3.21242448039862,0.11148616139796327
ICE_20220315_JNUSYG.wav,0,ICE,3.40739192295147,0.17786185796137632
ICE_20220315_KAEAJT.wav,1,ICE,3.1886684801757,0.10446778191798968
ICE_20220315_LUTIZQ.wav,1,ICE,3.27464833407784,0.13091114038672627
ICE_20220315_QR93IM.wav,1,ICE,3.25906779066201,0.06488135909980737
ICE_20220315_RB6PTA.wav,0,ICE,3.17265820700774,0.10988566139695725
ICE_20220315_SNV0MN.wav,0,ICE,3.29949969272767,0.11746885878094929
ICE_20220315_T2SP53.wav,1,ICE,3.29771181048244,0.10124874571319094
ICE_20220315_TRKBKU.wav,1,ICE,3.29490387641207,0.1548871607891419
ICE_20220315_U3W0ZU.wav,0,ICE,3.24662660200442,0.19086612663061234
ICE_20220315_UO68OR.wav,1,ICE,3.36002678668114,0.182470459024767
ICE_20220315_UULN7U.wav,1,ICE,3.30580436536109,0.10070364990738566
ICE_20220315_VP9WWG.wav,1,ICE,3.309684452256,0.11116773229250862
ICE_20220315_WUX9OP.wav,1,ICE,3.2848234278343,0.11685490825537147
ICE_20220315_WVOBAT.wav,1,ICE,3.25295077607946,0.07484591240765959
ICE_20220315_WY0A50.wav,1,ICE,3.26859594633452,0.10128286068877919
ICE_20220315_YXUQ34.wav,1,ICE,3.26122127121594,0.11272373087421741
ICE_20220315_Z7ZWK4.wav,1,ICE,3.23043274161078,0.09612463193620982
ICE_20220315_ZL8VBJ.wav,0,ICE,3.45930950363731,0.23073687778318355
ICE_20220316_5UDS2J.wav,1,ICE,3.40473575203034,0.16722023459169336
ICE_20220316_79AV8X.wav,0,ICE,3.41639718314154,0.12705561452616612
ICE_20220316_818Y07.wav,0,ICE,3.19111614532332,0.12794580168693456
ICE_20220316_9X6W55.wav,1,ICE,4.8365653069298,0.08754054603535127
ICE_20220316_DXNSB9.wav,0,ICE,3.29254708038927,0.3255896994467141
ICE_20220316_GA67AF.wav,1,ICE,3.21705797960375,0.17774326792798859
ICE_20220316_GFMSON.wav,1,ICE,5.22263570117034,0.02094791377017658
ICE_20220316_GX1X0D.wav,1,ICE,3.31739559788061,0.22840449408487234
ICE_20220316_KZ2GNM.wav,0,ICE,3.26516379266405,0.10688844660449118
ICE_20220316_OR8QTS.wav,1,ICE,3.36041637503879,0.2132765119077727
ICE_20220317_0DIN5Q.wav,1,ICE,3.43158143775724,0.0885487769416646
ICE_20220317_1GXUSK.wav,1,ICE,3.32195650197976,0.1426744513682432
ICE_20220317_1XGI6D.wav,1,ICE,3.43505094558162,0.14203614008678936
ICE_20220317_2LG8P3.wav,1,ICE,3.42961881474581,0.1497809321346367
ICE_20220317_40WR00.wav,1,ICE,3.42256909533952,0.13133483602559606
ICE_20220317_93AGXV.wav,1,ICE,3.27025777199882,0.11449685125594099
ICE_20220317_A4GGUV.wav,1,ICE,3.40665892281318,0.0885256837825929
ICE_20220317_BG6O5Y.wav,1,ICE,3.43935098601393,0.1719609616851987
ICE_20220317_C24KTW.wav,1,ICE,3.42661540080568,0.045280181979615704
ICE_20220317_CGXXEN.wav,1,ICE,3.32822327364909,0.1275933795790298
ICE_20220317_CUOIMD.wav,1,ICE,3.7667325930397,0.07063555945904038
ICE_20220317_DIHSKY.wav,1,ICE,3.37143334903881,0.13243088109614934
ICE_20220317_F4NPIQ.wav,1,ICE,3.38903329027861,0.0954466931629585
ICE_20220317_FGTXRE.wav,0,ICE,3.31266882346425,0.129852995523385
ICE_20220317_FO4BS9.wav,1,ICE,3.46604083504951,0.14990245086234394
ICE_20220317_FY5EG1.wav,1,ICE,3.33061971356037,0.12675305116230337
ICE_20220317_GJF2C9.wav,1,ICE,3.44309103659468,0.1263239560342314
ICE_20220317_GWYX9L.wav,1,ICE,3.35220655199877,0.1218906500656466
ICE_20220317_HQU5HI.wav,1,ICE,3.36095469304332,0.14328532642917247
ICE_20220317_IAWUTP.wav,1,ICE,3.43600434033468,0.10783555861548472
ICE_20220317_IIGDG3.wav,1,ICE,3.50860655598749,0.19564021350351612
ICE_20220317_JWT58G.wav,1,ICE,3.15686178339603,0.0521612004167547
ICE_20220317_JZBA2R.wav,1,ICE,3.52609865924477,0.18101381859662746
ICE_20220317_M3EKY8.wav,0,ICE,3.31717040126273,0.11502908861641299
ICE_20220317_MIG63V.wav,1,ICE,3.42243041362475,0.14106404468989692
ICE_20220317_OHK0QG.wav,1,ICE,3.52592604168166,0.14724254434182807
ICE_20220317_QC0CPV.wav,1,ICE,3.32391978569535,0.13755574516860938
ICE_20220317_QK9MKI.wav,1,ICE,4.30868456635862,0.11965913156417059
ICE_20220317_TLMFG9.wav,1,ICE,3.2787581876658,0.09368553836335049
ICE_20220317_U7CCX2.wav,1,ICE,3.33330966493762,0.11215166568644913
ICE_20220317_WSLLPN.wav,1,ICE,3.41007209214998,0.1004204951118161
ICE_20220317_Y8ZHZN.wav,1,ICE,3.48603429128756,0.1666019449692656
ICE_20220317_YGHIQY.wav,1,ICE,3.26984679859415,0.13878251693386146
ICE_20220318_158MO1.wav,0,ICE,3.29248000637022,0.2873469728284375
ICE_20220318_42WTMI.wav,0,ICE,3.20234951042462,0.2510254784745199
ICE_20220318_7CGFIY.wav,0,ICE,3.11722620198398,0.08382718290219751
ICE_20220318_A6VGNE.wav,0,ICE,3.29986791456076,0.11856918446309787
ICE_20220318_A9N8K3.wav,0,ICE,3.29299187720181,0.13586109968229657
ICE_20220318_B1OQYO.wav,0,ICE,3.28944467306594,0.12909316249914324
ICE_20220318_B530KR.wav,0,ICE,3.28657484382345,0.18023751731008456
ICE_20220318_BC8IDJ.wav,1,ICE,3.35788624844047,0.1933849329534382
ICE_20220318_DAGUGM.wav,0,ICE,3.25176075423355,0.14413893402992672
ICE_20220318_FGRMVM.wav,1,ICE,4.4360204719003,0.019678152679227498
ICE_20220318_HRFMPY.wav,0,ICE,3.22161770176432,0.18177240004350054
ICE_20220318_HXSEO3.wav,1,ICE,3.47932204275812,0.1640825990127016
ICE_20220318_KB406Q.wav,0,ICE,3.3427987914493,0.2309341249036774
ICE_20220318_LYZ7JW.wav,0,ICE,3.18905649878081,0.10979387301879968
ICE_20220318_N049AE.wav,1,ICE,4.3802485227385,0.1293484119694087
ICE_20220318_OKFX0B.wav,1,ICE,3.3085410671987,0.07987975118008306
ICE_20220318_OXFGVH.wav,1,ICE,3.50129810446692,0.12271375050826722
ICE_20220318_PNO0AH.wav,0,ICE,2.77137137867518,0.3382676421305991
ICE_20220318_RHRX3N.wav,0,ICE,3.20503152275142,0.1579236987445364
ICE_20220318_RK0BAS.wav,1,ICE,3.27083387732584,0.18042811276874793
ICE_20220318_SCDTHE.wav,0,ICE,3.21850452304923,0.1510697759757286
ICE_20220318_SEEILG.wav,0,ICE,3.16353477093014,0.11144167473310425
ICE_20220318_VAXGEN.wav,0,ICE,3.10468347775197,0.08877417710825637
ICE_20220318_W4TA1J.wav,1,ICE,4.542228869483,0.023200504010857048
ICE_20220318_W65612.wav,1,ICE,3.90543402830149,0.07147425534591614
ICE_20220318_XQLZYS.wav,0,ICE,3.2945212421522,0.15383593365017942
ICE_20220318_XX5CCC.wav,0,ICE,3.31293058313321,0.16894117873120745
ICE_20220319_04V3AI.wav,0,ICE,3.23367146981102,0.056574473733870125
ICE_20220319_0XD5O3.wav,0,ICE,3.31324006447487,0.14343727359359815
ICE_20220319_37OCUT.wav,0,ICE,3.23728751110838,0.1050973291459309
ICE_20220319_38MNKJ.wav,0,ICE,3.22828623448063,0.1512878591850401
ICE_20220319_3FVV5P.wav,0,ICE,3.22051767356748,0.08414179117027282
ICE_20220319_3VYOSW.wav,0,ICE,3.22306243165688,0.1427410366825149
ICE_20220319_4HQGHB.wav,0,ICE,3.30327158535213,0.05296064460773257
ICE_20220319_4R22ON.wav,0,ICE,3.25572710936888,0.15179820447751258
ICE_20220319_5P450R.wav,0,ICE,3.2247705338727,0.09485876004767392
ICE_20220319_62UAOC.wav,0,ICE,3.29906541718449,0.11539425592162643
ICE_20220319_68XG2N.wav,0,ICE,3.26962934255258,0.10519238884550301
ICE_20220319_83MDUM.wav,0,ICE,3.2775367249441,0.12070512654371258
ICE_20220319_8UKF0K.wav,0,ICE,3.29986501822008,0.2780378055777998
ICE_20220319_935A83.wav,0,ICE,3.27123685241408,0.1406646727322207
ICE_20220319_E1LKFU.wav,0,ICE,3.22542733532216,0.07414936000831009
ICE_20220319_GNYWS7.wav,0,ICE,3.3774170573992,0.08689552746937144
ICE_20220319_H09Z21.wav,0,ICE,3.31240967436304,0.038724809029556474
ICE_20220319_JTRABG.wav,0,ICE,3.26060682469885,0.14619249620918962
ICE_20220319_JVPS8B.wav,0,ICE,3.29555537012904,0.08913824709590189
ICE_20220319_MV3DER.wav,0,ICE,3.31735028793399,0.1176431059047668
ICE_20220319_NT25WX.wav,0,ICE,3.21995626208679,0.22001665445554414
ICE_20220319_OBN319.wav,0,ICE,3.26854166428428,0.056448632191016125
ICE_20220319_PQ3GUT.wav,0,ICE,7.93648061064036,0.45186795046247724
ICE_20220319_RXSU9D.wav,0,ICE,3.2653017065295,0.16041086460071524
ICE_20220319_SHOI0T.wav,0,ICE,3.27076945156479,0.1688273290412996
ICE_20220319_SVOZ4M.wav,0,ICE,3.3219005631331,0.23562412819173395
ICE_20220319_UPW37X.wav,0,ICE,3.26589827861838,0.1465322911234811
ICE_20220319_XABDOV.wav,0,ICE,3.38405230441142,0.12171916562817281
ICE_20220319_XEP8E7.wav,0,ICE,3.35912017302313,0.1857613473049368
ICE_20220320_09BDPB.wav,0,ICE,3.31543260667367,0.16682089183536591
ICE_20220320_1JNF02.wav,0,ICE,3.19976362847624,0.11559193466133645
ICE_20220320_3YB5ZL.wav,0,ICE,16.1681604718376,0.7412833668324665
ICE_20220320_421LVC.wav,0,ICE,3.26159206139751,0.11994107256359869
ICE_20220320_4JRWEO.wav,0,ICE,3.35384334138483,0.12248999060469427
ICE_20220320_4K6116.wav,0,ICE,12.4918828534009,0.7666441568617277
ICE_20220320_5LKPB4.wav,0,ICE,3.41193020997167,0.1195551886761014
ICE_20220320_5SYJCI.wav,0,ICE,23.9507963222722,0.8185363782946287
ICE_20220320_6PMML6.wav,0,ICE,3.22273390504985,0.13789083425088616
ICE_20220320_7DA24J.wav,0,ICE,3.43412793273665,0.1488307192730243
ICE_20220320_7KB2MR.wav,0,ICE,3.51612473612109,0.10724635834673904
ICE_20220320_7RKGDJ.wav,0,ICE,3.22093131420862,0.17878425157151756
ICE_20220320_8NRIWH.wav,0,ICE,3.47341872776324,0.14624869327926998
ICE_20220320_9JMGZ4.wav,0,ICE,3.40671793695446,0.09901515527031049
ICE_20220320_BJ0F7B.wav,0,ICE,3.24889562556139,0.23814580890983783
ICE_20220320_BOTFH6.wav,0,ICE,3.29719738028894,0.12470937758241277
ICE_20220320_CREYP9.wav,0,ICE,26.0205078831765,0.6390691330806114
ICE_20220320_CU30WE.wav,0,ICE,3.38559807956264,0.12381292328554562
ICE_20220320_CUJDTU.wav,0,ICE,3.27939633185375,0.11460371886327886
ICE_20220320_DZXXXE.wav,0,ICE,3.29989611514563,0.10969512583383384
ICE_20220320_E2OP87.wav,0,ICE,5.36097412453374,0.11961822802805197
ICE_20220320_GF9CY3.wav,0,ICE,3.38781557876629,0.09669117531746789
ICE_20220320_JUC932.wav,0,ICE,3.29875725766396,0.20433619742794887
ICE_20220320_JX9SOS.wav,0,ICE,3.22675313615087,0.10606401784539335
ICE_20220320_LZO3WB.wav,0,ICE,27.910765350436,0.735954874333187
ICE_20220320_MN7T2Y.wav,0,ICE,3.34066978184923,0.08229011940703644
ICE_20220320_QPO9YW.wav,0,ICE,3.28169806244161,0.12685375490559572
ICE_20220320_QSCC2J.wav,0,ICE,20.2022749584009,0.8505058366540742
ICE_20220320_S1AXWW.wav,0,ICE,9.17727942033761,0.1139872670339369
ICE_20220320_SF7ITO.wav,0,ICE,3.36538471641337,0.09411502078115629
ICE_20220320_VHX1LK.wav,0,ICE,3.30440909256123,0.09095012407745089
ICE_20220320_VU6LI1.wav,0,ICE,10.3116247821286,0.1685757230059657
ICE_20220320_X70QQ2.wav,0,ICE,3.25956405266222,0.10821996390311077
ICE_20220321_54LYQJ.wav,0,ICE,10.6293338261906,0.9896858566811196
ICE_20220321_CRMMBS.wav,0,ICE,12.6139777912183,0.048384412827510506
ICE_20220321_EAPX3K.wav,0,ICE,13.2861118164371,0.7840441141131482
ICE_20220321_FZUTPQ.wav,0,ICE,3.02420616036801,0.26207756086503553
ICE_20220321_G6KJAF.wav,0,ICE,9.88369285944157,0.9946084224450263
ICE_20220321_GMY40W.wav,0,ICE,2.99130531920402,0.2017030996469784
ICE_20220321_H0UB09.wav,0,ICE,2.28555874633276,0.22641549128514538
ICE_20220321_IA418E.wav,0,ICE,3.08425611828793,0.1049177727828216
ICE_20220321_J8LCYG.wav,0,ICE,3.22096075067169,0.10496896462015758
ICE_20220321_KRTK71.wav,0,ICE,3.01989073256644,0.11365177639516544
ICE_20220321_MI5BQN.wav,0,ICE,6.80601094298674,0.9999886752461923
ICE_20220321_PZYNB8.wav,0,ICE,2.57322796103364,0.18169219925662558
ICE_20220321_QRCYGB.wav,0,ICE,3.21267057441736,0.13510864011107265
ICE_20220321_WC3333.wav,0,ICE,4.80892301113533,0.9775541272912573
ICE_20220321_ZQZ0UJ.wav,0,ICE,7.64046175666982,0.6847295472810832
ICE_20220322_0TIYHE.wav,0,ICE,3.12823987305148,0.13029541381611642
ICE_20220322_4WMTTU.wav,0,ICE,3.28245990892152,0.17400214975479134
ICE_20220322_D58A9H.wav,0,ICE,3.20023330695882,0.09803466023866259
ICE_20220322_FM61MP.wav,0,ICE,6.04914054124329,0.1477161032030692
ICE_20220322_GHH643.wav,0,ICE,3.12366067581753,0.08948264401047411
ICE_20220322_JLR0K3.wav,0,ICE,3.19777768357637,0.20446338979266734
ICE_20220322_LITMF1.wav,0,ICE,3.19666847759189,0.15299376975771678
ICE_20220322_N8UN4S.wav,0,ICE,3.0721746542728,0.1162160671607444
ICE_20220322_NZ91AB.wav,0,ICE,19.8904783624271,0.18297439014341554
ICE_20220322_OA1R1B.wav,0,ICE,3.18687359030081,0.26246233932850493
ICE_20220322_OU6S7U.wav,0,ICE,3.23109647411497,0.13779687454637582
ICE_20220322_PDTJ6D.wav,0,ICE,3.15702722406184,0.13474615779767538
ICE_20220322_QL11AL.wav,0,ICE,3.29949252641512,0.1671708050693984
ICE_20220322_WAQJOO.wav,0,ICE,3.28699441035009,0.07712481110451716
ICE_20220323_COV01B.wav,0,ICE,2.65522631003092,0.16011096084150736
ICE_20220323_IDFYSB.wav,0,ICE,3.07278885417664,0.30031158039757866
ICE_20220323_K1CV5C.wav,0,ICE,2.88108998249594,0.16593048756497736
ICE_20220323_KKEZP0.wav,0,ICE,3.21188807432337,0.15871798053252678
ICE_20220323_NF9CAY.wav,0,ICE,3.05928014690424,0.10556646584281433
ICE_20220323_OVOATN.wav,0,ICE,3.32508440079889,0.9371891924170028
ICE_20220323_ST3W2E.wav,0,ICE,2.68999311185038,0.22863392292603063
ICE_20220324_0S6CXX.wav,0,ICE,3.28054849324254,0.3370051006747075
ICE_20220324_7UZQCD.wav,0,ICE,3.29374010534323,0.20927345235472264
ICE_20220324_BIU413.wav,0,ICE,3.05614351522284,0.20122730851417303
ICE_20220324_EXT3DF.wav,0,ICE,3.22039473127822,0.24875009537949272
ICE_20220324_MHJMMS.wav,0,ICE,3.30097510927966,0.11871016138329074
ICE_20220324_Q8WKLN.wav,0,ICE,3.14013739237584,0.25595847880491707
ICE_20220324_QWNG58.wav,0,ICE,3.28349523991199,0.10132331619006879
ICE_20220325_3DSTYC.wav,0,ICE,3.061529529687,0.22593486360580525
ICE_20220325_4F63NH.wav,0,ICE,3.2528402511039,0.17837887458121143
ICE_20220325_8F3V78.wav,0,ICE,3.25782326041644,0.19164595954622163
ICE_20220325_9CDKQA.wav,0,ICE,3.2131952528669,0.16784688138699555
ICE_20220325_9YGMB0.wav,0,ICE,3.02678557468673,0.1695913570418161
ICE_20220325_DOSBC4.wav,0,ICE,3.47180707136398,0.1693118468674683
ICE_20220325_FK8PL0.wav,0,ICE,3.16626182577014,0.15112646068108168
ICE_20220325_I0ZSBA.wav,0,ICE,3.11469518968735,0.11177757008076243
ICE_20220325_JVSMWE.wav,0,ICE,3.34302955806816,0.23176679291189964
ICE_20220325_LK5AIS.wav,0,ICE,3.23131928539725,0.2116541449447893
ICE_20220325_NALZC0.wav,0,ICE,3.51527455069544,0.12860772027405976
ICE_20220325_NHY6WW.wav,0,ICE,3.15375743075932,0.19480429680920358
ICE_20220325_O5YDNU.wav,0,ICE,2.9796878550826,0.11795994469513545
ICE_20220325_R4HG2V.wav,0,ICE,3.2677837664608,0.1471019618787422
ICE_20220325_S6FX7H.wav,0,ICE,3.48087050085306,0.2034704744970033
ICE_20220326_1QM0WL.wav,1,ICE,3.47505007185972,0.9302499537422352
ICE_20220326_27P7SD.wav,1,ICE,3.37703424847462,0.10431578518396249
ICE_20220326_3IUTE3.wav,0,ICE,3.86631681873442,0.11705827076614778
ICE_20220326_5NRXIW.wav,1,ICE,7.41138091422034,0.9991853917752531
ICE_20220326_77GV79.wav,0,ICE,3.30844945712172,0.16756641101679803
ICE_20220326_8SXZ7O.wav,0,ICE,3.40550771737572,0.7550528039341846
ICE_20220326_9JNECH.wav,0,ICE,3.37756585437123,0.12622653184439725
ICE_20220326_IN3Q98.wav,0,ICE,3.41496041822604,0.22274119385737293
ICE_20220326_IQ8RLG.wav,1,ICE,4.24487026249915,0.12234974626296512
ICE_20220326_JEZBHK.wav,1,ICE,4.41775759391623,0.6555367945057613
ICE_20220326_JNDC7V.wav,0,ICE,3.27316461362447,0.15687370348308363
ICE_20220326_JSBR5O.wav,0,ICE,20.4216247349335,0.47619101805352276
ICE_20220326_KR5CTT.wav,1,ICE,4.93304346737597,0.9704180446736921
ICE_20220326_LKMER5.wav,0,ICE,29.8724084657654,0.8905426425597862
ICE_20220326_LL5S6Y.wav,0,ICE,3.34116366623264,0.17241893130681046
ICE_20220326_N8MVQO.wav,1,ICE,5.85485226363286,0.18594780875330755
ICE_20220326_QIIVYK.wav,1,ICE,7.34285427837029,0.5498128596680013
ICE_20220326_R555Y7.wav,0,ICE,3.38715134495119,0.1651031230928948
ICE_20220326_S1O9ML.wav,0,ICE,3.34819786889616,0.13456762356187002
ICE_20220326_SAHT5N.wav,0,ICE,3.32354964510363,0.09457564545065086
ICE_20220326_VD6BCZ.wav,1,ICE,5.04907826222079,0.9867407794412792
ICE_20220326_VGAJG3.wav,0,ICE,3.76216727854721,0.1038224241396591
ICE_20220326_XY33JN.wav,0,ICE,3.23554068039106,0.11239927474830581
ICE_20220326_YEHHFS.wav,0,ICE,14.859967876546,0.3034556933628484
ICE_20220326_YZNOHW.wav,0,ICE,4.44212379568433,0.20877843489112674
ICE_20220327_0AR2WU.wav,0,ICE,16.2474678398269,0.6857270505491485
ICE_20220327_2Q04WW.wav,0,ICE,3.31839733173935,0.1467085619449927
ICE_20220327_46EOZP.wav,0,ICE,3.38021090439107,0.1518252962416867
ICE_20220327_6PZ4BO.wav,0,ICE,11.6050879564268,0.49056871757524606
ICE_20220327_79C3RH.wav,0,ICE,3.52241845273875,0.2166965744623493
ICE_20220327_9EV9DS.wav,0,ICE,3.44890159943982,0.19827689833871348
ICE_20220327_C0JURF.wav,0,ICE,9.55797447586511,0.2501505460857895
ICE_20220327_DDZUBO.wav,0,ICE,3.20265398645835,0.17849618640997225
ICE_20220327_DWHTG2.wav,0,ICE,6.94692399676978,0.12761379345612853
ICE_20220327_EOJX4S.wav,0,ICE,3.50752203175216,0.14647209126124716
ICE_20220327_F6S2CU.wav,0,ICE,13.28752684382,0.34463369980103037
ICE_20220327_GHGZ1K.wav,0,ICE,14.8883559094615,0.7000321099596644
ICE_20220327_GIX7TA.wav,0,ICE,3.37270333601295,0.23997424295901415
ICE_20220327_GRKTEU.wav,0,ICE,19.5761226243907,0.8203967849529679
ICE_20220327_HF5YA4.wav,0,ICE,3.24529627876409,0.12184735687248291
ICE_20220327_IDQFP0.wav,0,ICE,3.41015222107451,0.09393055316368926
ICE_20220327_KZES80.wav,0,ICE,14.5172902373412,0.5189857247559937
ICE_20220327_MOH2XV.wav,0,ICE,3.32135640069366,0.15390137995058908
ICE_20220327_OFHH2C.wav,0,ICE,3.2726558471576,0.1449440012751735
ICE_20220327_Q22SYK.wav,0,ICE,3.42140243103435,0.21835655134385457
ICE_20220327_QGVTF2.wav,0,ICE,9.64182976280832,0.1752611998787811
ICE_20220327_ROJN8A.wav,0,ICE,3.47722940607005,0.13031880774611163
ICE_20220327_U34LVG.wav,0,ICE,3.27778930102616,0.1536391755991228
ICE_20220327_U5KF8W.wav,0,ICE,11.6802740585346,0.2716794784429929
ICE_20220327_UWJB3N.wav,0,ICE,3.36620702096473,0.11451344975032383
ICE_20220328_2RSBJP.wav,0,ICE,3.37305039919215,0.16334718567597722
ICE_20220328_4LXPPX.wav,0,ICE,3.37749591750795,0.17815123550091205
ICE_20220328_DQFVUG.wav,0,ICE,3.24054014420995,0.1015287409323124
ICE_20220328_DT8JDN.wav,0,ICE,3.42725219198403,0.25768776959294915
ICE_20220328_F7D5N2.wav,0,ICE,3.27124133271407,0.12609773188099094
ICE_20220328_IX9IAO.wav,0,ICE,3.30924994584353,0.13336149508843043
ICE_20220328_R5Y469.wav,0,ICE,3.07957036866096,0.11085190414384129
ICE_20220328_RHM2FR.wav,0,ICE,3.87885586863222,0.18631634029224947
ICE_20220328_TVKPGY.wav,0,ICE,3.29164468442627,0.1787634941643318
ICE_20220328_VTE3QK.wav,0,ICE,2.95801736361892,0.10125074931832866
ICE_20220328_W2YKBA.wav,0,ICE,3.29922062273846,0.14682098946605035
ICE_20220328_Z5QA2F.wav,0,ICE,3.36034328283703,0.09183144929667746
ICE_20220329_0KWV3W.wav,0,ICE,3.37929190321287,0.12198557115649765
ICE_20220329_1GVF69.wav,0,ICE,3.13115598697107,0.14652816873103403
ICE_20220329_5UC0D2.wav,0,ICE,3.27574133477843,0.16244137271374123
ICE_20220329_AYCGZJ.wav,0,ICE,3.19084964499769,0.1613862528115239
ICE_20220329_B3EE58.wav,0,ICE,3.65317117861842,0.8759387687640341
ICE_20220329_HI1DQH.wav,0,ICE,3.26489811743907,0.2544657161114097
ICE_20220329_RGLY4W.wav,0,ICE,3.16119542184117,0.13326566502304638
ICE_20220329_XDUZDF.wav,0,ICE,3.28368014468991,0.12445414317582396
ICE_20220330_0349LV.wav,1,ICE,8.98967889498376,0.8137035209159253
ICE_20220330_2QEYPZ.wav,0,ICE,3.17619378223327,0.15651270776692966
ICE_20220330_3U98SQ.wav,1,ICE,19.5218524474177,0.9891309599842483
ICE_20220330_5DB7JZ.wav,0,ICE,3.29081103773516,0.1966364273512475
ICE_20220330_5RL20T.wav,1,ICE,10.7487206482362,0.9999629272857378
ICE_20220330_8UL2A4.wav,1,ICE,6.83054658520327,0.9991486174967729
ICE_20220330_91R7S4.wav,1,ICE,16.2263133294561,0.9983498905181304
ICE_20220330_9MPMLI.wav,0,ICE,2.97562537886126,0.14646334364466737
ICE_20220330_AWWW8Z.wav,1,ICE,12.9070327816851,0.9151891287382592
ICE_20220330_BEHIFB.wav,1,ICE,14.1616302847771,0.9686175861088262
ICE_20220330_DVLYZ5.wav,1,ICE,13.9361193043921,0.7571996920562388
ICE_20220330_DYSZ7K.wav,0,ICE,3.24998477234719,0.1487171960214082
ICE_20220330_EAF4B6.wav,1,ICE,10.6095943475927,0.9942618372868378
ICE_20220330_G96D1Y.wav,1,ICE,15.9838012867414,0.9999101242729004
ICE_20220330_HVM006.wav,0,ICE,3.28905015098567,0.15287034642251332
ICE_20220330_HVTYV1.wav,1,ICE,19.0497971140448,0.9985110313310352
ICE_20220330_KHXIU1.wav,1,ICE,8.84807901898575,0.9999997615814777
ICE_20220330_KMDNJM.wav,0,ICE,2.71156054459625,0.09343815517982282
ICE_20220330_MNM8NA.wav,1,ICE,8.77578252809634,0.9907288297479301
ICE_20220330_QS6RI4.wav,1,ICE,14.682087525132,0.49669933734375127
ICE_20220330_QU7JX0.wav,1,ICE,19.5272481289748,0.999581512168098
ICE_20220330_RL1UVV.wav,0,ICE,11.4240966853805,0.9771400966976274
ICE_20220330_S2J8OQ.wav,1,ICE,11.8081911571594,0.7452982142664716
ICE_20220330_UUY7AL.wav,1,ICE,14.2114298662732,0.8049976863449999
ICE_20220330_UV0WQQ.wav,1,ICE,13.706709215729,0.975119175959027
ICE_20220330_WNF6A5.wav,1,ICE,14.2206696161301,0.9999997615814777
ICE_20220330_WY0HG8.wav,0,ICE,4.44359503136776,0.9124452158701447
ICE_20220330_YLWWAQ.wav,1,ICE,12.0389596893327,0.9999986886995842
ICE_20220331_3D6TTO.wav,0,ICE,4.92714743382765,0.8636524581362838
ICE_20220331_6VIQT9.wav,0,ICE,5.52728547063604,0.05824398951988799
ICE_20220331_9QZVW2.wav,0,ICE,11.7615074148531,0.06721488366847742
ICE_20220331_PJKFZ1.wav,0,ICE,4.73832677201389,0.4093761900166131
ICE_20220331_QFKN1X.wav,0,ICE,1.76876052511194,0.044694730695996415
ICE_20220331_QGOZTV.wav,0,ICE,2.38350296606821,0.20838199224843845
ICE_20220331_W58RHN.wav,0,ICE,4.65232280057875,0.3860585440410425
ICE_20220331_W78UB4.wav,0,ICE,2.08438963812203,0.3121396068884354
ICE_20220401_0K3WH9.wav,0,ICE,7.78141517496762,0.9636568712850472
ICE_20220401_0L8OJX.wav,1,ICE,20.1072280475282,0.6581970343432307
ICE_20220401_37O0D7.wav,0,ICE,2.89927393394241,0.4834332997392309
ICE_20220401_3RSAN3.wav,0,ICE,13.3612785802273,0.7191969308348073
ICE_20220401_62UKFJ.wav,0,ICE,27.7379977028318,0.9573761137007241
ICE_20220401_ATKOPR.wav,0,ICE,4.55973620746892,0.8287579909228485
ICE_20220401_AVCJ9B.wav,0,ICE,32.6683678598015,0.4843803913250907
ICE_20220401_AZN35R.wav,1,ICE,14.2756989785067,0.8455980221416679
ICE_20220401_BXQBZW.wav,0,ICE,2.31353278113267,0.33431092258214223
ICE_20220401_D152HJ.wav,0,ICE,2.29619907703982,0.1318338408614277
ICE_20220401_G5CQL4.wav,1,ICE,19.9264543854519,0.9999849798550975
ICE_20220401_JMJ7H3.wav,0,ICE,23.6288172959469,0.6838464736139107
ICE_20220401_JT4MK0.wav,0,ICE,18.6235283573136,0.7963100468870447
ICE_20220401_L5PKEI.wav,0,ICE,2.47319747104282,0.037075457799441616
ICE_20220401_NEYG60.wav,1,ICE,23.7435775009313,0.9086765060208855
ICE_20220401_NPNZ10.wav,0,ICE,20.5107861057755,0.6008186971797488
ICE_20220401_QO21P0.wav,1,ICE,26.7221831756975,0.8508276910002105
ICE_20220401_RN2FOI.wav,0,ICE,1.84062877705433,0.1230089008173579
ICE_20220401_TPIYSE.wav,0,ICE,8.1598438394188,0.46584686579047124
ICE_20220401_VJKS2V.wav,0,ICE,2.32673362176621,0.12929115650213616
ICE_20220401_WH95R8.wav,0,ICE,1.61973411618756,0.2167344220056015
ICE_20220401_YICIPX.wav,0,ICE,6.22346985435623,0.21471533855275685
ICE_20220402_2GPXQ5.wav,0,ICE,3.12913763469092,0.1407954442174153
ICE_20220402_2U75L9.wav,0,ICE,5.373214321704,0.7889381341973128
ICE_20220402_4BIJRI.wav,0,ICE,5.2557350750562,0.1319246781411375
ICE_20220402_4HEUAG.wav,0,ICE,26.6962210846674,0.8442507537726249
ICE_20220402_5881MS.wav,0,ICE,39.322391161006,0.9296001868992393
ICE_20220402_7F73CV.wav,0,ICE,3.18462477830292,0.14388054908230588
ICE_20220402_8B1VX4.wav,0,ICE,9.08385490935163,0.8610268991480902
ICE_20220402_9XA2IX.wav,0,ICE,21.7612658804963,0.4044447828791044
ICE_20220402_C7U555.wav,0,ICE,8.15227090207367,0.12911852623420297
ICE_20220402_I6RA3I.wav,0,ICE,44.9879122318853,0.7785194581918857
ICE_20220402_IDYG03.wav,0,ICE,38.3937385652045,0.7456423738731764
ICE_20220402_J8OGK3.wav,0,ICE,22.6301289818474,0.6356678474988845
ICE_20220402_J8VZD6.wav,0,ICE,32.8821331797313,0.6073211688891476
ICE_20220402_K5ZAZP.wav,0,ICE,32.7844671547267,0.6955498420363811
ICE_20220402_N0B46B.wav,0,ICE,16.6188760750046,0.18024495161469326
ICE_20220402_QTOCX0.wav,0,ICE,27.8768467093696,0.08491334120640098
ICE_20220403_27TG45.wav,0,ICE,2.65915401474619,0.1927028624440535
ICE_20220403_KYA7MU.wav,0,ICE,3.35645947732271,0.20283838793659964
ICE_20220403_Y3ZL7I.wav,0,ICE,3.27863760955969,0.19566815541146815
ICE_20220404_3HUHAO.wav,0,ICE,3.40671706693419,0.1377287535731373
ICE_20220404_AIVGRV.wav,0,ICE,3.25314036064587,0.11387877502868078
ICE_20220404_EZ978Q.wav,0,ICE,3.29851878058054,0.11197810331609978
ICE_20220404_OBC3RD.wav,0,ICE,3.48882290817335,0.2870980510131651
ICE_20220404_OJEI2T.wav,0,ICE,3.48591861286852,0.16829776636196409
ICE_20220404_QPT13R.wav,0,ICE,3.32788889916652,0.28111395281357504
ICE_20220404_TI3R4P.wav,0,ICE,4.39956629377186,0.18742487079025047
ICE_20220404_TJB1RB.wav,0,ICE,3.25071517311026,0.0985490721243694
ICE_20220404_W3ZVOC.wav,0,ICE,3.35800767809116,0.1675476550975947
ICE_20220404_XDV06C.wav,0,ICE,8.40624171890279,0.15676772444655793
ICE_20220405_99JM7Z.wav,0,ICE,2.6669462182509,0.1096148905420872
ICE_20220405_9VORWT.wav,0,ICE,3.3057951522052,0.24892306401001846
ICE_20220405_EY9OBT.wav,0,ICE,3.2383620135065,0.14372623051232075
ICE_20220405_F2GHWH.wav,0,ICE,2.99365562187997,0.14096343595957567
ICE_20220405_MQ0FVV.wav,0,ICE,3.437821750848,0.2060766212129313
ICE_20220405_PYCK2H.wav,0,ICE,3.38388204644098,0.15726584369987484
ICE_20220405_THEOTJ.wav,0,ICE,3.40827354630663,0.21996472908631912
ICE_20220405_WM68QS.wav,0,ICE,3.49758019088136,0.17716493438594824
ICE_20220405_YKI970.wav,0,ICE,18.6417851225065,0.6132409763646338
ICE_20220406_4LIOH1.wav,0,ICE,3.37227776759949,0.17447268933698162
ICE_20220406_C7J96P.wav,0,ICE,3.43220618390274,0.24652093241383788
ICE_20220406_CAPAXZ.wav,0,ICE,3.68395139976802,0.1722954052996963
ICE_20220406_HLUR3Z.wav,0,ICE,17.2318731643825,0.5554512187803955
ICE_20220406_HTJNS0.wav,0,ICE,3.82864989614725,0.15238856541574863
ICE_20220406_NTXEA8.wav,0,ICE,23.5984876682139,0.7394255111620426
ICE_20220406_OH3M27.wav,0,ICE,29.0422043297485,0.7781596831694292
ICE_20220406_QDG44L.wav,0,ICE,3.53381596199899,0.2329526031301374
ICE_20220406_RJ6KUZ.wav,0,ICE,5.99008495210399,0.12649375473841737
ICE_20220406_T0DEJ0.wav,0,ICE,4.9161612652085,0.13813449410787126
ICE_20220406_US0B6I.wav,0,ICE,12.1521414872289,0.6983622608316262
ICE_20220407_0P1JP3.wav,0,ICE,4.57448994381864,0.10161364383390468
ICE_20220407_0XDE10.wav,1,ICE,7.61554984350042,0.9999353927404022
ICE_20220407_1KU5C3.wav,1,ICE,7.56859077414019,0.9993912113670478
ICE_20220407_1WURFV.wav,1,ICE,3.54771237607814,0.7200999648638365
ICE_20220407_6MH8RU.wav,1,ICE,3.62881899231187,0.15129162852990213
ICE_20220407_70DYVS.wav,1,ICE,3.62660902501402,0.9648795734353988
ICE_20220407_7S4YG3.wav,1,ICE,4.0400994094404,0.9779337343067922
ICE_20220407_D3I8QF.wav,1,ICE,4.17347809016275,0.9837932165513081
ICE_20220407_DY5RLS.wav,1,ICE,3.5923994171427,0.16832138176613465
ICE_20220407_EUE77J.wav,0,ICE,3.36609640556375,0.09388626671439591
ICE_20220407_G7FO3M.wav,1,ICE,3.6571818186382,0.9075948645433712
ICE_20220407_ILGBBH.wav,1,ICE,3.48013541835176,0.8552578839510411
ICE_20220407_JXPEJZ.wav,1,ICE,3.44343310279296,0.1903151854494235
ICE_20220407_KB3DL3.wav,0,ICE,3.42745458042703,0.13856045700611053
ICE_20220407_L16LRZ.wav,1,ICE,4.48984271794289,0.9863679899777692
ICE_20220407_L2PZGQ.wav,0,ICE,3.97477909446,0.1506824512464995
ICE_20220407_LA9UL9.wav,1,ICE,3.58815726937901,0.9699872687103878
ICE_20220407_UBPDVB.wav,1,ICE,3.52776896823915,0.43631424389032414
ICE_20220407_WXKOVS.wav,1,ICE,4.29039849946768,0.9874985943149643
ICE_20220407_YUFN8B.wav,1,ICE,3.71623210223786,0.9783544847694234
ICE_20220407_Z350XD.wav,0,ICE,3.45142392977938,0.1736032490191266
ICE_20220407_ZWF16S.wav,1,ICE,3.84259639296575,0.9716730581955084
ICE_20220408_CVIL52.wav,0,ICE,3.64157391443955,0.200020236746955
ICE_20220408_LXA6WA.wav,1,ICE,3.44491942497571,0.7115269918558729
ICE_20220408_ML03F5.wav,0,ICE,3.43275407905105,0.1090117576911789
ICE_20220408_XKH8SP.wav,0,ICE,3.41705182668623,0.15207191401243797
ICE_20220409_5L2ILR.wav,0,ICE,3.33913371421707,0.15051147111437102
ICE_20220409_BTTWTX.wav,0,ICE,4.96787627500505,0.5475015472416015
ICE_20220409_GHT3LG.wav,0,ICE,3.04722503567509,0.14731818070340352
ICE_20220409_SXJKWW.wav,0,ICE,3.05872769247441,0.17065196134174157
ICE_20220410_0GGNBW.wav,1,ICE,4.37500491715798,0.9398551960802024
ICE_20220410_0M4SC0.wav,1,ICE,5.99950568036279,0.8224428650324787
ICE_20220410_1AG51J.wav,1,ICE,8.83496417533487,0.9997214854780982
ICE_20220410_1QSK5K.wav,0,ICE,3.30420908638498,0.17509495149098453
ICE_20220410_2ZLRT8.wav,1,ICE,10.0317224573223,1.0
ICE_20220410_3D0U3Z.wav,1,ICE,4.71750512076148,0.9839336496366704
ICE_20220410_4VIYBD.wav,0,ICE,3.28233518810348,0.11787844184563245
ICE_20220410_6S5F3G.wav,1,ICE,8.61328344534803,0.9999836685934766
ICE_20220410_7ADPVS.wav,1,ICE,11.5338437075089,0.652869911754264
ICE_20220410_GE0029.wav,1,ICE,3.89906534368671,0.12216911044360604
ICE_20220410_KLOPBP.wav,0,ICE,3.11051611254192,0.13815237833509073
ICE_20220410_OKNN0C.wav,0,ICE,3.2983879223091,0.1306790069331771
ICE_20220410_SPNSCP.wav,1,ICE,4.92332665525586,0.8896658797342782
ICE_20220410_SZGHH4.wav,1,ICE,12.3282786176904,0.9707621337927519
ICE_20220410_W6TR90.wav,1,ICE,5.69171576856114,0.9966103685158902
ICE_20220410_Z2NH9R.wav,0,ICE,3.3016562249972,0.10707967243854905
ICE_20220411_108NYA.wav,1,ICE,7.92984335581396,0.9846486698153241
ICE_20220411_3M19YO.wav,0,ICE,3.54788961956548,0.7297459656977593
ICE_20220411_6KIQM6.wav,0,ICE,3.20673422012361,0.1790217905715468
ICE_20220411_95BIWN.wav,1,ICE,3.22705629681127,0.9560456061026098
ICE_20220411_C2CN1C.wav,0,ICE,3.7564598298264,0.10994677394697937
ICE_20220411_UKBYKU.wav,0,ICE,6.84806501189438,0.16844270118106505
ICE_20220411_ULJE3K.wav,1,ICE,8.54483742847983,0.9553879398103792
ICE_20220412_3U6IJL.wav,0,ICE,3.39117998037317,0.206217532230814
ICE_20220412_6IFGCC.wav,0,ICE,3.33956335080191,0.21539691497167612
ICE_20220412_APUM9C.wav,0,ICE,7.59046409109009,0.17581422450703235
ICE_20220412_AWEUDH.wav,0,ICE,3.59758354171167,0.21134294598595219
ICE_20220412_DG6WEB.wav,0,ICE,3.18263621347739,0.22093981909436056
ICE_20220412_VVI117.wav,0,ICE,3.30328663675529,0.17261708227687625
ICE_20220413_00CBHH.wav,0,ICE,3.38655152672586,0.16339922448864902
ICE_20220413_2W81L0.wav,0,ICE,12.8196110867729,0.3834918285581999
ICE_20220413_36HC3R.wav,0,ICE,25.4578225788078,0.8833302970796777
ICE_20220413_4GYLR9.wav,1,ICE,15.0107752146447,0.994382407459706
ICE_20220413_8IL0AM.wav,0,ICE,3.35366769059213,0.20815680551140034
ICE_20220413_ATOUAS.wav,0,ICE,16.3069397835908,0.2594362279845541
ICE_20220413_CKE6AC.wav,1,ICE,13.3166388622304,0.9999177523560532
ICE_20220413_D2W3B3.wav,1,ICE,4.82211194939256,0.1935753545272895
ICE_20220413_DZ3FFR.wav,1,ICE,7.48984490463171,0.9165241236976488
ICE_20220413_E8M1LX.wav,1,ICE,8.7000400778548,0.6898766924299184
ICE_20220413_G5BDDM.wav,1,ICE,5.60817740087346,0.9990425940363276
ICE_20220413_IPBA9D.wav,1,ICE,4.96341734789772,0.9994609878378786
ICE_20220413_JDAQ1J.wav,1,ICE,10.4820554824246,0.9954268033959411
ICE_20220413_KB7EU2.wav,0,ICE,22.1960610782798,0.6085481102308105
ICE_20220413_LAHTN5.wav,1,ICE,14.0080680371097,0.9937678403301233
ICE_20220413_M9CTXY.wav,0,ICE,12.9041575820119,0.24571313043490575
ICE_20220413_PBYKEZ.wav,0,ICE,3.32265033592376,0.2328945985840106
ICE_20220413_PG1V37.wav,1,ICE,5.42732283560983,0.7282881680853789
ICE_20220413_PZSO44.wav,1,ICE,9.12828678715936,0.9999412332751231
ICE_20220413_V0JKV4.wav,1,ICE,5.00658103351999,0.6661209790935678
ICE_20220413_XJUX5B.wav,1,ICE,11.0915094235785,0.9333665975043282
ICE_20220414_5WFVY7.wav,0,ICE,14.245044423033,0.12466318100824732
ICE_20220414_94MTXR.wav,0,ICE,29.5269187805485,0.7579761000815578
ICE_20220414_9D5A1Q.wav,0,ICE,4.01716624052091,0.22258371167711144
ICE_20220414_GXYVSQ.wav,0,ICE,17.6539296397911,0.37886464067171316
ICE_20220414_M742R9.wav,0,ICE,3.32944604784987,0.134006758257241
ICE_20220414_TB8G39.wav,0,ICE,3.33625969304577,0.10688220315990807
ICE_20220414_YFB3MM.wav,0,ICE,3.23760295764725,0.2211257387601927
ICE_20220415_16QIR9.wav,0,ICE,3.11805676653601,0.13594059623785437
ICE_20220415_BS7TIY.wav,0,ICE,3.72283070117694,0.23202172539205845
ICE_20220415_TTIHA8.wav,0,ICE,2.98017010105029,0.1316618963075124
ICE_20220416_C42TBF.wav,0,ICE,19.4578048416257,0.7983827894140719
ICE_20220416_NHGM4N.wav,0,ICE,3.21080821151942,0.11180648890765833
ICE_20220416_UK3Y2C.wav,0,ICE,3.42105036535102,0.12899117304775845
ICE_20220417_4KEXTT.wav,0,ICE,24.4730766444492,0.6708725563619933
ICE_20220417_RZ1XHB.wav,0,ICE,3.22210823828744,0.13630092966826576
ICE_20220418_B8DGJ4.wav,0,ICE,2.49954788702809,0.19000752185031905
ICE_20220418_BZR34R.wav,0,ICE,1.426345889627,0.10505351331639867
ICE_20220418_LX4TIS.wav,0,ICE,8.90994775558256,0.19851645652304373
ICE_20220418_RTXR8J.wav,0,ICE,1.36107175181741,0.15080991489873224
ICE_20220419_1TY34G.wav,1,ICE,11.7140130810988,0.819116326030261
ICE_20220419_1YCDSD.wav,0,ICE,3.28422928735287,0.14171396783347376
ICE_20220419_31LZJB.wav,1,ICE,12.3927568724371,0.9995051688169745
ICE_20220419_BH6CGU.wav,1,ICE,21.7223238498981,0.9774862361200541
ICE_20220419_DD2VDO.wav,1,ICE,15.5586091384079,0.8086439564287393
ICE_20220419_G6FFPM.wav,0,ICE,1.93900967379499,0.10999632834936725
ICE_20220419_L7HEWO.wav,1,ICE,18.6887668213496,0.979855775241844
ICE_20220419_NVVADB.wav,1,ICE,27.5702062456426,0.9999440939703319
ICE_20220419_NXHYCM.wav,1,ICE,16.2883930957819,0.29388718578642564
ICE_20220419_OYI9LW.wav,1,ICE,18.1140129945749,0.624167148683956
ICE_20220419_PWABEV.wav,1,ICE,23.1822154953652,0.9844045145316603
ICE_20220419_PYQAI7.wav,1,ICE,23.3270058315896,0.5455533995625723
ICE_20220419_QS9LX4.wav,0,ICE,3.2422143234882,0.1963558293400569
ICE_20220419_UIKE0R.wav,0,ICE,2.98690133507888,0.1795956732377533
ICE_20220419_UZWA7J.wav,0,ICE,3.29563315884124,0.24111045439030546
ICE_20220419_W2PQ5V.wav,1,ICE,15.3543867808651,0.5810648369649853
ICE_20220419_ZZPKH7.wav,1,ICE,13.7548101977586,0.6948206052173084
ICE_20220420_746R5Z.wav,0,ICE,2.97429805057236,0.16262633164679396
ICE_20220420_8XJY86.wav,0,ICE,2.93357787677041,0.12738471275217583
ICE_20220420_9ACNO4.wav,0,ICE,3.11725337782259,0.32537528768800394
ICE_20220420_DNH8NI.wav,0,ICE,2.9030007240927,0.10092954530932127
ICE_20220420_GHK562.wav,0,ICE,3.08508721587247,0.14971247279144845
ICE_20220420_RCNNPS.wav,0,ICE,2.87124819017657,0.1790583088501448
ICE_20220420_SOGO7E.wav,1,ICE,9.20685936144909,0.9993072781886866
ICE_20220421_12XG3I.wav,0,ICE,3.00864931921868,0.15365161213476478
ICE_20220421_3W4TA7.wav,0,ICE,3.15278217345789,0.09426660441644392
ICE_20220421_BTE37U.wav,0,ICE,1.81837721494711,0.2663467932755863
ICE_20220421_FFH0Y4.wav,0,ICE,3.03575121623625,0.1272647132115699
ICE_20220421_K6D2B1.wav,0,ICE,3.16203218618507,0.1712902635583175
ICE_20220421_PGR1B4.wav,0,ICE,13.7806948846879,0.4439576591067439
ICE_20220421_U58VV8.wav,0,ICE,2.61047348735777,0.186175955339599
ICE_20220421_UQQU2L.wav,0,ICE,15.0507391191422,0.20586379095700688
ICE_20220422_6H3QE1.wav,0,ICE,5.29779079029778,0.9898338171091967
ICE_20220422_NUAIUB.wav,0,ICE,2.55161311823482,0.16588116244160642
ICE_20220422_VIERSZ.wav,0,ICE,2.2077337219783,0.1334903941585899
ICE_20220423_4KUE0Q.wav,1,ICE,10.1524237595626,0.12496805527871147
ICE_20220423_4RD0IV.wav,1,ICE,14.9621423048104,0.8682794107300355
ICE_20220423_58X5QW.wav,1,ICE,15.8267823878569,0.4590243536132523
ICE_20220423_6L7O1M.wav,1,ICE,17.7194260186716,0.6415438405372077
ICE_20220423_7W0737.wav,1,ICE,11.5143297239228,0.9428492450632444
ICE_20220423_7XM5BG.wav,1,ICE,5.57941154563442,0.9956465579113886
ICE_20220423_8CJ29E.wav,1,ICE,12.1851359745812,0.19489988076416706
ICE_20220423_B3MY4W.wav,0,ICE,1.67173736197571,0.39502435622518883
ICE_20220423_FJ541Z.wav,1,ICE,12.8169992793756,0.9906073892897403
ICE_20220423_G8WPYL.wav,0,ICE,3.43492778018073,0.43852665553068837
ICE_20220423_HCREM5.wav,1,ICE,18.3210097205624,0.8207339059452284
ICE_20220423_IKL0PC.wav,1,ICE,18.45737549194,0.3308435681345322
ICE_20220423_IZX7KB.wav,0,ICE,2.79977826771736,0.5021990165756678
ICE_20220423_JFHKC5.wav,1,ICE,10.9853143658248,0.8505549986766828
ICE_20220423_K85IVK.wav,1,ICE,11.7676308849017,0.9736574419826693
ICE_20220423_KQNHI3.wav,1,ICE,12.3192625525767,0.13588533091703178
ICE_20220423_LCU4VD.wav,1,ICE,10.4605770760454,0.40115665278841717
ICE_20220423_LLVBSR.wav,1,ICE,3.21670049878717,0.9815034862716914
ICE_20220423_N73430.wav,1,ICE,13.7779196968498,0.18422736827032019
ICE_20220423_QIELBL.wav,1,ICE,19.5469547151039,0.6290020569500556
ICE_20220423_U7YLRS.wav,1,ICE,3.76759188002835,0.9388506447324728
ICE_20220423_UOXND4.wav,1,ICE,10.9187030567802,0.26164611959669615
ICE_20220423_V8797H.wav,1,ICE,16.8453080286504,0.28949359224323895
ICE_20220423_ZI9A3S.wav,1,ICE,14.9953266780082,0.9964281802039379
ICE_20220424_0IRR1S.wav,1,ICE,21.1562312354683,0.9656229524302992
ICE_20220424_21LART.wav,1,ICE,22.8508109541675,0.8855948799775837
ICE_20220424_37Y4B4.wav,1,ICE,23.6785862503639,0.8153287812996814
ICE_20220424_4BL6WR.wav,1,ICE,24.6372294185238,0.9691832929041682
ICE_20220424_5IUA82.wav,1,ICE,14.3924371786594,0.9955483650602494
ICE_20220424_681I9K.wav,1,ICE,18.0003668071671,0.47348645775666304
ICE_20220424_6PSK5A.wav,1,ICE,22.5706162350802,0.8319440970360498
ICE_20220424_890NWQ.wav,1,ICE,22.940015592412,0.26974079660142863
ICE_20220424_8NAVIJ.wav,1,ICE,13.8467481819277,0.4593486018064796
ICE_20220424_ASEWA0.wav,1,ICE,21.4546201927573,0.7082406169487903
ICE_20220424_DK9U1L.wav,1,ICE,19.6212518627679,0.9902292186487524
ICE_20220424_DRVLI4.wav,1,ICE,18.8957657021957,0.996910016867621
ICE_20220424_E0YGJL.wav,1,ICE,17.0036479990899,0.8444687484769716
ICE_20220424_GRB6G0.wav,1,ICE,17.8756332235164,0.4033152966023406
ICE_20220424_J14MV7.wav,1,ICE,16.0036564783441,0.9796099874757028
ICE_20220424_KPROST.wav,1,ICE,24.643830547181,0.7809447650827367
ICE_20220424_LRM6GX.wav,1,ICE,23.4188517448062,0.8611274945808447
ICE_20220424_M7EAFT.wav,1,ICE,24.1351250944489,0.8737187712696969
ICE_20220424_TDRXK0.wav,1,ICE,9.62187016155164,0.025712254230958586
ICE_20220424_TJ5KEX.wav,1,ICE,15.5724443004123,0.3747180770443452
ICE_20220424_TLPBZ3.wav,1,ICE,17.9820581853715,0.7039994396119892
ICE_20220424_TV69JA.wav,1,ICE,23.0462331854811,0.9923193098415564
ICE_20220424_UTX0T2.wav,1,ICE,11.4071802807702,0.9946795380626439
ICE_20220424_VWICYM.wav,1,ICE,21.6241219523097,0.9961501136715305
ICE_20220424_XOJB2R.wav,1,ICE,25.0529069107956,0.7618849703476369
ICE_20220424_ZTY63H.wav,1,ICE,3.64903161902888,0.8033364564693509
ICE_20220425_2BMCXY.wav,0,ICE,3.1100572071837,0.1818079189365584
ICE_20220425_41BVOK.wav,1,ICE,17.990690391792,1.0
ICE_20220425_4JL59H.wav,0,ICE,3.23237781373065,0.19488141070772336
ICE_20220425_A2TABO.wav,0,ICE,3.14662116295818,0.12115701330573639
ICE_20220425_DEFIRV.wav,1,ICE,14.8587947485086,0.9998486271126596
ICE_20220425_F5RJ3T.wav,1,ICE,26.078532890013,0.9998637623473573
ICE_20220425_IUA3P0.wav,0,ICE,3.14650632156076,0.22831836113547327
ICE_20220425_JHSRCI.wav,1,ICE,20.755783554725,0.978807118853047
ICE_20220425_O7QI59.wav,1,ICE,22.0066702058675,0.9929675814151288
ICE_20220425_TZOZ03.wav,1,ICE,24.8422590455171,0.9995810357342454
ICE_20220425_WQX6NP.wav,1,ICE,3.01487949973136,0.9402639419019349
ICE_20220425_XW0AWW.wav,1,ICE,9.19936744885183,0.999937061454891
ICE_20220426_6DWG73.wav,1,ICE,17.1252343904998,0.9721347366456656
ICE_20220426_8MW6IA.wav,1,ICE,22.2726740494358,0.7616394678588425
ICE_20220426_94GP39.wav,0,ICE,8.96016068335702,0.8761485476319937
ICE_20220426_9KWXLK.wav,1,ICE,14.2274424958175,0.959976528146661
ICE_20220426_C6T520.wav,1,ICE,21.0127496729659,0.9827460208092519
ICE_20220426_D8RZ2J.wav,0,ICE,15.1337744585021,0.12498933050971785
ICE_20220426_HNVTE9.wav,0,ICE,12.9322180047209,0.999881162465012
ICE_20220426_MVNV2Z.wav,0,ICE,3.31900197012769,0.11655565369272126
ICE_20220426_O8CVM2.wav,1,ICE,17.3888419373809,0.5709174587520106
ICE_20220426_PYMRMS.wav,1,ICE,19.4829248737518,0.9133313758634971
ICE_20220426_S5UK9C.wav,1,ICE,25.2050644175119,0.7016388887754975
ICE_20220426_TPONYS.wav,1,ICE,21.6404097786878,0.7513138121515408
ICE_20220426_WG6K3X.wav,1,ICE,12.4439057211233,0.6681930664183092
ICE_20220427_1VIHKX.wav,0,ICE,2.01175261326204,0.20700085539109322
ICE_20220427_2A22OT.wav,0,ICE,9.29591681689993,0.9997802263800086
ICE_20220427_Q9GST0.wav,0,ICE,1.45771301970818,0.033962104590721784
ICE_20220427_QI3AGT.wav,0,ICE,1.27531038266191,0.16753029925368884
ICE_20220427_QOEOK4.wav,0,ICE,5.9541811101495,0.9908889244577725
ICE_20220427_WNBIKS.wav,0,ICE,2.87307122754951,0.4520802357300761
ICE_20220427_XC265A.wav,0,ICE,8.89636820298713,0.8221370527845184
ICE_20220428_BFZLRW.wav,0,ICE,2.15791172276222,0.05226945779133658
ICE_20220428_U79VS9.wav,0,ICE,1.64910947064428,0.04431050407046787
ICE_20220428_WTTGZR.wav,0,ICE,1.41421368950083,0.3119835130194329
ICE_20220429_1NG95L.wav,1,ICE,22.0854434149944,0.533933953902688
ICE_20220429_25AH7C.wav,1,ICE,10.9870817685096,0.9968106273960581
ICE_20220429_2G8L3G.wav,1,ICE,13.0787394553739,0.9995616212697415
ICE_20220429_6SBG40.wav,0,ICE,1.52890273922351,0.4336142268035016
ICE_20220429_8YNAHR.wav,1,ICE,16.8571112624511,0.6887567984976698
ICE_20220429_BYP2IG.wav,1,ICE,25.2573774202407,0.7800533575921602
ICE_20220429_C5C9DI.wav,1,ICE,26.3508375516582,0.706378331611453
ICE_20220429_CXJFGI.wav,0,ICE,3.30953013472412,0.1536262272863806
ICE_20220429_DW4GYN.wav,1,ICE,22.941566522941,0.9992859697418347
ICE_20220429_DZINK4.wav,0,ICE,1.76550447151848,0.04181783826725164
ICE_20220429_EO3U2C.wav,1,ICE,22.5863419764175,0.7504979952714583
ICE_20220429_FAI15H.wav,1,ICE,25.6833383365417,0.9982245552422877
ICE_20220429_GVMNZ8.wav,1,ICE,12.7913410997746,0.9552375868944708
ICE_20220429_HWQNMX.wav,1,ICE,19.0443859561781,0.9284802184876776
ICE_20220429_JAQ9QD.wav,1,ICE,25.9466060100819,0.7919022625315921
ICE_20220429_M15UWG.wav,1,ICE,23.9896395927103,0.7770069264537025
ICE_20220429_P0XHZT.wav,1,ICE,11.304048195233,0.6560102180083743
ICE_20220429_Q8XDXU.wav,1,ICE,11.8060324224543,0.7098539242046622
ICE_20220429_QC10KF.wav,1,ICE,24.9408956902785,0.407001932842891
ICE_20220429_VSMRRS.wav,0,ICE,2.05404549588017,0.1952588723258042
ICE_20220429_W9OENX.wav,0,ICE,8.51975593720772,0.9848125852651848
ICE_20220430_48KPG0.wav,1,ICE,12.2270603904797,0.36862464948993956
ICE_20220430_5THKEL.wav,1,ICE,12.3787852978354,0.7785385534151856
ICE_20220430_5V86SO.wav,1,ICE,7.17078808569986,0.5402162386856721
ICE_20220430_6CWZ8P.wav,0,ICE,2.90693339563978,0.11348460446840011
ICE_20220430_7VWKWT.wav,1,ICE,16.9431125597285,0.31037180144259907
ICE_20220430_AH0LHU.wav,1,ICE,15.5410401543857,0.6997967570119938
ICE_20220430_AVSD0N.wav,0,ICE,2.06651148477566,0.23557514679144614
ICE_20220430_BXTDBF.wav,1,ICE,13.6942439744858,0.813085337987237
ICE_20220430_FECB5N.wav,1,ICE,23.7720691852686,0.9978539606965435
ICE_20220430_HJQ67J.wav,1,ICE,22.9245869767562,0.9777774565389173
ICE_20220430_IZSP2Q.wav,1,ICE,20.0728533750649,0.4591572876585114
ICE_20220430_KPAH42.wav,1,ICE,14.9388928915509,0.431839831441583
ICE_20220430_LGTRAB.wav,1,ICE,18.3369893384983,0.9849744741005245
ICE_20220430_NNV44L.wav,0,ICE,2.71998812638831,0.08870920191420414
ICE_20220430_NXQUOJ.wav,1,ICE,20.8584139058898,0.6087213713667715
ICE_20220430_OHHPB0.wav,1,ICE,31.5492809365393,0.9731480268884254
ICE_20220430_OWM8MF.wav,0,ICE,3.13768245305148,0.0799516396026626
ICE_20220430_P0OAKT.wav,1,ICE,21.8339102509084,0.3358051514686352
ICE_20220430_PPH03X.wav,1,ICE,22.8268069049014,0.9912462800776857
ICE_20220430_QP2OMY.wav,1,ICE,22.8062176700283,0.7220134018584831
ICE_20220430_R5J88N.wav,1,ICE,27.5293020638488,0.9814663947707164
ICE_20220430_REXHIW.wav,1,ICE,16.8744510905739,0.26025358909477236
ICE_20220430_SAIAP5.wav,1,ICE,8.89618676191748,0.6685444763779048
ICE_20220430_U54AYA.wav,1,ICE,24.0632396690316,0.9999991655356624
ICE_20220430_UTJXCL.wav,1,ICE,16.6755236880348,0.26941156347702755
ICE_20220430_YOLZ95.wav,1,ICE,19.5599038328074,0.6932033889432633
ICE_20220430_YU6KPV.wav,1,ICE,23.0050669061378,0.8435019156413389
ICE_20220430_ZW06HY.wav,1,ICE,17.9571178013399,0.4918716618089702
ICE_20220501_1QTEMP.wav,1,ICE,3.62625915885236,0.6745310606200593
ICE_20220501_2WHUZH.wav,0,ICE,3.4435649158384,0.1668346738184355
ICE_20220501_5VPP5Y.wav,1,ICE,3.66613054013532,0.14021507375526776
ICE_20220501_6VM2IU.wav,1,ICE,3.42907514300827,0.16272290542596188
ICE_20220501_7AU1TI.wav,0,ICE,3.39771114246228,0.210124284924501
ICE_20220501_7RWOMW.wav,1,ICE,5.24091955984787,0.9982717156788342
ICE_20220501_9YDRWA.wav,0,ICE,3.46292648796356,0.18683610434841033
ICE_20220501_CF2H28.wav,0,ICE,3.55815801901658,0.1618186831305979
ICE_20220501_D3X6ZD.wav,0,ICE,2.60415603666556,0.07348687988737058
ICE_20220501_DM3BL7.wav,1,ICE,5.90066363496362,0.9629678028092676
ICE_20220501_FXBZEP.wav,0,ICE,3.51193289427913,0.3148327301425498
ICE_20220501_JNDA15.wav,1,ICE,4.67428381193073,0.997247544182386
ICE_20220501_MK05BG.wav,1,ICE,3.55597293995819,0.852706877297221
ICE_20220501_SVPSSM.wav,1,ICE,3.40343789061877,0.18123815841319563
ICE_20220501_UL51B5.wav,1,ICE,5.38906340142734,0.99409782391167
ICE_20220501_XLWG2Z.wav,0,ICE,14.176777631572,0.5205795957406495
ICE_20220501_Z320YA.wav,0,ICE,3.43172077873548,0.0905687419332674
ICE_20220502_HSMOM5.wav,0,ICE,1.45851750982861,0.12186098240022242
ICE_20220502_R45S2T.wav,0,ICE,3.30035150945355,0.3273464549710036
ICE_20220502_RJYN7D.wav,0,ICE,3.31112732633704,0.168351101354069
ICE_20220502_W9NT1F.wav,0,ICE,3.32447885782306,0.17915257365604334
ICE_20220502_Y3CDB6.wav,0,ICE,2.29804157850803,0.22752382052642306
ICE_20220503_915RID.wav,0,ICE,7.41114703107008,0.4253013331367187
ICE_20220503_FJ2E9B.wav,0,ICE,3.48625092716951,0.1795818004353274
ICE_20220503_HX0MI0.wav,0,ICE,3.35183445143704,0.10837736511738635
ICE_20220503_JNLOWS.wav,0,ICE,3.29269031401449,0.21140090022819366
ICE_20220503_UUSFQ4.wav,0,ICE,3.39378268255863,0.1572979802827519
ICE_20220503_UZ2NHY.wav,0,ICE,1.77714660957627,0.11155561095271085
ICE_20220504_36TZ1W.wav,0,ICE,3.07048313745215,0.16206014605537034
ICE_20220504_CMR7C6.wav,0,ICE,3.10222512719577,0.17970937210305035
ICE_20220504_HS6M05.wav,0,ICE,3.40749980376912,0.14014430385286247
ICE_20220504_PD1EEI.wav,0,ICE,2.98694206347379,0.14794987311809185
ICE_20220504_TX4VWR.wav,0,ICE,3.20851400447633,0.16810585617126336
ICE_20220504_XDS29Q.wav,0,ICE,3.45035481132985,0.17866114893979965
ICE_20220504_XO6GF0.wav,0,ICE,3.39276676705974,0.21001507564268884
ICE_20220505_NDFX2P.wav,0,ICE,1.68724138685136,0.13899364856501584
ICE_20220505_OD42X2.wav,0,ICE,3.36042814376824,0.25564378209560656
ICE_20220505_R4GCTU.wav,0,ICE,6.63768366953317,0.12701172839199143
ICE_20220505_UIOE34.wav,0,ICE,3.30151488374546,0.20834903075671216
ICE_20220505_WBA75S.wav,0,ICE,2.58003208315719,0.11939541559579751
ICE_20220505_X8W736.wav,0,ICE,2.39844841115826,0.23199097046126224
ICE_20220506_1HOGD2.wav,0,ICE,3.34573039270031,0.1213500103498377
ICE_20220506_8NIEFF.wav,0,ICE,3.30919792470512,0.10565305755150535
ICE_20220506_AZ3733.wav,0,ICE,3.49842461163935,0.11849796773613064
ICE_20220506_DM2CM2.wav,0,ICE,3.45082413380531,0.15606518918251475
ICE_20220506_EV6CNQ.wav,0,ICE,3.07005586308454,0.1595185961465996
ICE_20220506_NUD13A.wav,0,ICE,3.48072367550406,0.24536870148026735
ICE_20220506_OJ81ST.wav,0,ICE,3.36979213988952,0.1660531519264277
ICE_20220506_SYODXS.wav,0,ICE,3.51942403138436,0.2166938362617124
ICE_20220506_V848RO.wav,0,ICE,3.51630701912407,0.12550760703955724
ICE_20220507_078DJC.wav,1,ICE,17.784455588542,0.8494986474938014
ICE_20220507_1BBI3E.wav,1,ICE,18.7222241632662,0.47885014353036126
ICE_20220507_1PJ6V9.wav,1,ICE,18.0442954320785,0.6421946156499916
ICE_20220507_23P50L.wav,0,ICE,1.35761953280459,0.4187777320246008
ICE_20220507_5LZZV6.wav,0,ICE,2.81395969028623,0.20951405796937678
ICE_20220507_6EMHPT.wav,1,ICE,13.7375283761854,0.872022777680998
ICE_20220507_7BO72K.wav,1,ICE,16.544346476443,0.7106613306308149
ICE_20220507_8E8GB7.wav,1,ICE,19.9999360675124,0.5274996842175127
ICE_20220507_8S686M.wav,0,ICE,22.0824784435603,0.5950241080345959
ICE_20220507_96HX6X.wav,1,ICE,5.8944635707332,0.9361322386469496
ICE_20220507_AJ7UC0.wav,1,ICE,18.8705844238513,0.9988281171455993
ICE_20220507_BCI51J.wav,1,ICE,12.7416434234634,0.9999754434898208
ICE_20220507_BJXU0L.wav,1,ICE,18.7128889798138,0.9144967209570649
ICE_20220507_CGW4D8.wav,1,ICE,12.4786791162553,0.9440332830340319
ICE_20220507_CK5STD.wav,1,ICE,22.37932106834,0.9339876264001485
ICE_20220507_CQLXCX.wav,1,ICE,15.736039260583,0.9995314886679647
ICE_20220507_GVCJF1.wav,1,ICE,5.70342558515538,0.9526293195911051
ICE_20220507_MPZBI1.wav,0,ICE,3.4763723404201,0.6390737993050082
ICE_20220507_PI4NNN.wav,0,ICE,1.50433293338378,0.06664511378482599
ICE_20220507_S1CMQU.wav,0,ICE,15.2584275612291,0.33997541289936706
ICE_20220507_W494Y5.wav,1,ICE,20.6858999531013,0.9448254293067442
ICE_20220507_WHSKIG.wav,1,ICE,23.9887843237171,0.5598491869409788
ICE_20220507_XBNVE7.wav,1,ICE,4.4897865522684,0.9908116795332168
ICE_20220507_YDEEN2.wav,1,ICE,16.6322215148759,0.687196190693858
ICE_20220508_3WTVLU.wav,0,ICE,3.0692529879234,0.15650214782610286
ICE_20220508_G41D03.wav,0,ICE,2.99630485621375,0.13899673049532554
ICE_20220508_OVLFWF.wav,0,ICE,2.82109984311817,0.1478429610018031
ICE_20220509_G8GCO0.wav,0,ICE,1.80704966537338,0.13753301952527272
ICE_20220509_GBI15Z.wav,0,ICE,2.68285358378316,0.13105479272708326
ICE_20220509_M4Q81D.wav,0,ICE,1.87215021503863,0.19151884100631425
ICE_20220509_SC2YUF.wav,0,ICE,1.86133724339835,0.1392092169005032
ICE_20220509_XT0Q1M.wav,0,ICE,3.12496043823519,0.1845965610493955
ICE_20220510_NC7ZFI.wav,0,ICE,1.57066003658424,0.06841393577308909
ICE_20220510_WKF4JZ.wav,0,ICE,2.4496123970132,0.2063915060393262
ICE_20220511_2QD4KP.wav,0,ICE,3.43687386531004,0.24767444057999263
ICE_20220511_3WE3SV.wav,0,ICE,3.40381842799774,0.26901396755339757
ICE_20220511_9TKDAJ.wav,0,ICE,3.40403967362689,0.103462864459523
ICE_20220511_RP10Z9.wav,0,ICE,3.4342672543884,0.16391272868692333
ICE_20220511_UHUQ67.wav,0,ICE,3.33462199966989,0.18581642878701174
ICE_20220511_X2XND8.wav,0,ICE,3.38090076960169,0.14024273970889067
ICE_20220512_1L79GD.wav,0,ICE,3.24246074731613,0.11702567774831955
ICE_20220512_2CRL5X.wav,0,ICE,13.2310205694057,0.4212849617321518
ICE_20220512_8IAV01.wav,0,ICE,7.10864188697802,0.17673320425799133
ICE_20220512_QOMMWS.wav,0,ICE,15.8448791818976,0.33046291880397144
ICE_20220512_SQBA82.wav,0,ICE,3.05773455540026,0.14102206102581516
ICE_20220513_4I8QP9.wav,0,ICE,3.42318545061008,0.1076258406539984
ICE_20220513_FCETRV.wav,0,ICE,3.20301082976714,0.11481813665745681
ICE_20220513_QZTX4D.wav,0,ICE,3.33213594502167,0.15474252608457978
ICE_20220513_UB6JOF.wav,0,ICE,3.36381386532794,0.08416923904807298
ICE_20220514_0SJSLS.wav,0,ICE,3.54933326504902,0.1423319454241187
ICE_20220514_6TTCHE.wav,0,ICE,2.33661609424541,0.23412625446525687
ICE_20220514_HJI5O4.wav,0,ICE,3.10884667914419,0.22627356402183205
ICE_20220514_IXJA3T.wav,0,ICE,3.3126928440376,0.23741743636011461
ICE_20220514_LASAMD.wav,0,ICE,14.0843031861498,0.049036885678195016
ICE_20220514_NLXO3X.wav,0,ICE,3.28668191328297,0.17010566391109824
ICE_20220514_Z84MQ5.wav,0,ICE,2.99326788625242,0.114884293170566
ICE_20220515_05V1YT.wav,1,ICE,21.8823274849222,0.7815792499449931
ICE_20220515_1WQGR2.wav,1,ICE,23.1496869174114,0.8992036628948306
ICE_20220515_2HFGIC.wav,0,ICE,3.32859791904439,0.16671548639631611
ICE_20220515_2MXNWB.wav,1,ICE,9.0302883169663,0.9999977350285647
ICE_20220515_6XUKNW.wav,1,ICE,6.99588278628402,0.9998237205412498
ICE_20220515_9S1UU2.wav,0,ICE,6.00547549192609,0.22113037821149284
ICE_20220515_BJKKY7.wav,1,ICE,25.7826258906441,0.59267521938072
ICE_20220515_BPYAFD.wav,0,ICE,3.21648536324633,0.10525588502568035
ICE_20220515_CO5L0C.wav,1,ICE,20.1938958129569,0.8942341972576042
ICE_20220515_CYPHH3.wav,1,ICE,14.6987186022284,0.9999672185211188
ICE_20220515_DHBO1K.wav,0,ICE,3.34514219595339,0.27944293370516465
ICE_20220515_DX4L01.wav,1,ICE,10.9216075032042,0.9999988079084972
ICE_20220515_IOWAWZ.wav,0,ICE,3.12951492191177,0.27477901087347906
ICE_20220515_NRCL19.wav,1,ICE,22.8318773748068,0.9205372171388032
ICE_20220515_P5JOMF.wav,0,ICE,3.4118175301492,0.15496389766381471
ICE_20220515_QPFY5C.wav,1,ICE,25.9534086669135,0.9961822904327662
ICE_20220515_QTKAX6.wav,1,ICE,22.9076850491423,0.9281225169362008
ICE_20220515_VXRQZY.wav,1,ICE,22.220432573832,0.8399635857265247
ICE_20220515_XHEXKC.wav,1,ICE,22.43858898241,0.9820291629253357
ICE_20220515_YORF9S.wav,1,ICE,16.8115802026281,0.9988266899394408
ICE_20220516_0SLCRZ.wav,0,ICE,16.734264821204,0.3736345038003959
ICE_20220516_2B9A5T.wav,0,ICE,3.17345286915975,0.15416362747564147
ICE_20220516_553MTO.wav,0,ICE,13.0515289435967,0.5958851759586229
ICE_20220516_5GUUXF.wav,1,ICE,20.3436814351935,0.6044214654805348
ICE_20220516_5MVZLB.wav,0,ICE,22.6536428248091,0.5705514545348279
ICE_20220516_97CM1O.wav,1,ICE,19.3831110296097,0.6424943431891672
ICE_20220516_9AT7DO.wav,0,ICE,38.3041347169905,0.5875048122227159
ICE_20220516_9I1GFU.wav,0,ICE,6.56438144508362,0.7505532651336152
ICE_20220516_9YTOWO.wav,1,ICE,16.3019667712385,0.348318693592591
ICE_20220516_AKW2GE.wav,0,ICE,27.677241357494,0.42176243281474785
ICE_20220516_HI8ENT.wav,0,ICE,3.48801105364845,0.09023515872193197
ICE_20220516_HKPUR1.wav,1,ICE,17.1874672769676,0.20337907578524936
ICE_20220516_IV3UNM.wav,0,ICE,2.8290798988595,0.11339637937408283
ICE_20220516_JSY01G.wav,1,ICE,22.2139466846544,0.6111092849582275
ICE_20220516_L9V6TV.wav,0,ICE,14.0805475006421,0.7203502824763562
ICE_20220516_MH715M.wav,0,ICE,10.6619977911647,0.8745639972574916
ICE_20220516_MKNQLE.wav,0,ICE,26.7009130473817,0.6790316203278267
ICE_20220516_NGYXJA.wav,0,ICE,7.0963729556466,0.19621583256385733
ICE_20220516_OHAQW8.wav,0,ICE,10.0985109324987,0.20921570723191477
ICE_20220516_TPIQIM.wav,1,ICE,24.2722151431905,0.6480994568943096
ICE_20220516_UHYVO5.wav,0,ICE,3.060400201435,0.2673867907646452
ICE_20220516_UWUZSF.wav,0,ICE,16.2187320939043,0.4254398170222789
ICE_20220516_VSTR4E.wav,0,ICE,27.040806560448,0.8837067960955706
ICE_20220516_VZNOSB.wav,0,ICE,24.5516489226262,0.19918422032477184
ICE_20220516_WO1ZZ7.wav,0,ICE,12.7539488256196,0.5170690163837979
ICE_20220516_YK63QP.wav,1,ICE,19.1455024203316,0.775372656134159
ICE_20220516_Z57XWZ.wav,0,ICE,26.1790177922,0.8208637731720116
ICE_20220516_ZJLXUX.wav,1,ICE,15.1784388211103,0.6729194744341277
ICE_20220517_0WJP83.wav,0,ICE,5.26052361979125,0.33658173053988827
ICE_20220517_1QT183.wav,0,ICE,3.59126301556328,0.2036149434289511
ICE_20220517_9NG6OD.wav,0,ICE,3.25133964941152,0.1511851130916058
ICE_20220517_G3DDGT.wav,0,ICE,16.0156524365338,0.24385294647597663
ICE_20220517_OZ20WI.wav,0,ICE,8.85772710393373,0.5950512402966267
ICE_20220517_QVDW38.wav,0,ICE,3.2464555411238,0.22191751205841623
ICE_20220517_SP1ZFK.wav,0,ICE,4.18986776711655,0.13071275356611645
ICE_20220517_TS3Q5Z.wav,0,ICE,8.6111727008591,0.37635156387448776
ICE_20220517_UQN1VO.wav,0,ICE,3.20389848456164,0.17195751782987986
ICE_20220517_V5YTSL.wav,0,ICE,33.4706395007896,0.7499247574785185
ICE_20220517_WHHIYW.wav,0,ICE,3.20290100548474,0.08130583787548586
ICE_20220518_0ZTAXE.wav,0,ICE,3.3451163350602,0.17434706844222836
ICE_20220518_1XXW0F.wav,1,ICE,11.8894335057034,0.9996523873823071
ICE_20220518_64J4LH.wav,1,ICE,4.1127910134311,0.9724865840256669
ICE_20220518_7GCBCD.wav,1,ICE,20.73490921975,0.8375954417969014
ICE_20220518_8AZEZK.wav,0,ICE,15.8466723044106,0.6651482297216591
ICE_20220518_9I0LJF.wav,0,ICE,4.65162515243787,0.41574560501829555
ICE_20220518_9TZDUS.wav,0,ICE,21.4350974033817,0.7699877736381284
ICE_20220518_AUJ4LO.wav,1,ICE,6.76536761668243,0.9999974966112362
ICE_20220518_DAB07H.wav,0,ICE,3.41219049139614,0.531541828245227
ICE_20220518_EV1DE7.wav,1,ICE,4.32280618078406,0.6819642251422766
ICE_20220518_FMIH8P.wav,1,ICE,7.00077063316694,0.715245989371718
ICE_20220518_FTYBL8.wav,0,ICE,3.40476176349424,0.23082895866442724
ICE_20220518_H4BYBU.wav,1,ICE,3.73429264686098,0.6371304991761562
ICE_20220518_HR99W2.wav,1,ICE,33.2556858295965,0.68558928313454
ICE_20220518_I84Y06.wav,1,ICE,4.95867362386895,0.9115141275152813
ICE_20220518_ICJZER.wav,1,ICE,9.07515878770382,0.9976974223214192
ICE_20220518_JBAMWG.wav,1,ICE,9.78202755602376,0.9999659073064342
ICE_20220518_JUSXO5.wav,1,ICE,20.475986446713,0.9048631496037227
ICE_20220518_LLLOCG.wav,0,ICE,3.27848848653779,0.20119046606665197
ICE_20220518_MEJJW4.wav,1,ICE,5.14600434438807,0.9192691865524993
ICE_20220518_N5CMQU.wav,0,ICE,8.9762080368201,0.4739091860161436
ICE_20220518_N9QFGS.wav,1,ICE,4.19380481118832,0.9288533105474895
ICE_20220518_NSIPRY.wav,1,ICE,6.30566637633563,0.9977053726334881
ICE_20220518_S385IU.wav,1,ICE,12.5128771259165,0.9993102542668609
ICE_20220518_S3D6AL.wav,1,ICE,5.23787867255088,0.8993104740917022
ICE_20220518_SPHDVE.wav,1,ICE,9.47874372719505,0.9999902249342363
ICE_20220518_TVXH0Y.wav,1,ICE,12.0382046520012,0.9999667417142571
ICE_20220518_UXXDBA.wav,1,ICE,7.93584337473208,0.9764184344331931
ICE_20220518_V2X663.wav,1,ICE,14.5895736572311,0.9999678145263777
ICE_20220518_WPK82B.wav,0,ICE,12.8868768820037,0.12408453266411217
ICE_20220519_1OR3LF.wav,0,ICE,36.8266131039249,0.9090141495999765
ICE_20220519_58GXAF.wav,0,ICE,35.0857300655065,0.7556761955785436
ICE_20220519_96UO0S.wav,0,ICE,35.2207096175726,0.884866046400481
ICE_20220519_BYCVCE.wav,0,ICE,29.9303924815291,0.7691457426617154
ICE_20220519_C2MJL6.wav,0,ICE,17.2903103137726,0.2718513443186335
ICE_20220519_D9QWSC.wav,0,ICE,35.3748486738253,0.841262944300746
ICE_20220519_FMSPFV.wav,0,ICE,46.8167436976953,0.61116791373042
ICE_20220519_G2K40K.wav,0,ICE,15.3244048911045,0.3221909050469852
ICE_20220519_I1FX8T.wav,0,ICE,30.5037706801427,0.6587224177355044
ICE_20220519_OKD788.wav,0,ICE,38.4250307769746,0.8230497656201685
ICE_20220519_RK74TY.wav,0,ICE,9.62549103121948,0.279246360997837
ICE_20220519_SVI068.wav,0,ICE,3.61132937244132,0.23526887904539853
ICE_20220520_1RWJWI.wav,0,ICE,17.1287960056639,0.3601265292948277
ICE_20220520_25ISN5.wav,0,ICE,33.4126181867807,0.759564739067125
ICE_20220520_38XBXA.wav,0,ICE,3.0835561615144,0.18167809953564712
ICE_20220520_3JOHV2.wav,0,ICE,31.4877261385912,0.7948202134816248
ICE_20220520_AZPKSN.wav,0,ICE,3.08551343478597,0.11118019008328955
ICE_20220520_BLUXV2.wav,0,ICE,3.18158873019348,0.12832832115967457
ICE_20220520_I78K5P.wav,0,ICE,19.8922860342138,0.7407205889110168
ICE_20220520_KHI7FH.wav,0,ICE,32.6279998372507,0.7759581309975134
ICE_20220520_KN0934.wav,0,ICE,20.6142018981774,0.7825991178861942
ICE_20220520_LXT4KT.wav,0,ICE,3.09816354884175,0.13313269780696693
ICE_20220520_OLPZB7.wav,0,ICE,6.422763136722,0.6738540839265194
ICE_20220520_UF4LFK.wav,0,ICE,32.9502156217879,0.44562579686648995
ICE_20220520_VRY9W3.wav,0,ICE,30.3487051325734,0.8113114944342755
ICE_20220520_XUADFW.wav,0,ICE,8.1231375392914,0.8737199560381068
